62
51
65
47
59
52
64
46
65
57
56
61
49
58
49
64
53
74
73
84
58
65
50
67
57
65
53
66
50
49
67
45
72
59
69
51
67
46
64
47
67
48
66
49
67
47
68
47
50
69
59
74
55
69
47
66
52
68
47
66
53
67
57
73
47
45
48
54
76
46
63
47
64
47
64
48
68
47
67
56
70
48
66
63
76
68
49
64
55
66
51
68
52
76
48
96
60
76
49
68
47
66
52
50
90
65
60
60
62
56
65
53
78
70
64
49
66
48
61
49
60
51
51
64
47
66
55
66
51
77
58
71
47
66
61
65
56
63
48
47
48
49
62
49
65
49
61
52
72
46
64
53
64
48
62
49
64
59
47
66
48
62
47
61
51
66
47
70
50
68
48
66
49
70
61
63
44
46
68
50
62
49
64
47
60
47
71
50
62
46
65
49
60
47
64
51
48
62
48
61
48
65
53
63
50
83
46
63
48
67
49
64
49
51
50
50
65
52
64
49
65
90
68
47
65
46
65
49
65
46
61
56
113
261
353
356
207
61
49
60
46
64
45
60
50
68
48
63
48
63
46
45
65
49
64
46
67
48
66
51
64
51
65
48
66
49
66
49
70
49
55
68
50
68
55
66
49
65
50
75
54
69
47
68
51
61
46
49
49
44
63
48
70
56
81
61
80
51
62
48
69
46
67
51
65
47
50
66
50
73
47
60
50
72
59
64
51
64
50
71
51
62
45
62
61
46
64
49
65
52
81
49
65
48
65
55
61
58
69
50
68
55
65
59
59
75
63
61
64
62
52
63
58
62
49
62
49
60
66
67
51
44
45
48
63
50
61
59
65
49
61
49
62
49
66
49
60
51
65
49
54
61
48
67
51
66
46
68
51
65
50
64
49
64
50
66
49
62
48
45
64
50
68
49
65
50
62
49
64
49
60
60
60
50
64
50
65
48
46
70
46
64
49
63
49
67
46
69
48
65
48
67
50
63
57
61
61
49
63
51
67
60
71
48
60
49
59
51
61
58
63
59
62
59
60
64
51
58
49
62
48
58
47
63
61
76
44
78
48
70
52
68
53
54
72
47
66
46
61
59
63
49
65
51
64
45
63
45
62
47
61
51
48
62
47
65
50
65
48
67
51
64
49
67
47
67
47
61
52
47
44
48
67
48
65
48
63
47
62
51
73
58
61
51
60
51
65
50
50
64
58
64
67
71
52
66
47
65
54
61
50
66
45
65
47
62
46
48
60
58
58
58
71
49
58
52
60
52
61
49
64
49
57
49
64
47
47
60
46
62
49
70
49
70
49
64
53
63
45
66
49
60
67
60
49
49
64
55
61
45
54
47
64
52
60
49
62
44
58
49
60
50
49
71
52
61
46
64
47
58
47
65
44
63
47
64
45
64
46
69
48
53
63
47
64
49
66
48
68
47
65
48
67
51
80
48
63
49
67
48
57
67
60
68
45
63
46
67
52
66
46
63
48
65
48
65
46
44
48
50
67
46
67
64
66
50
62
49
68
46
65
51
67
52
77
45
48
67
47
66
50
67
48
67
48
68
46
65
50
64
58
68
53
75
48
49
77
47
70
54
74
48
74
47
76
47
64
48
68
50
69
49
66
46
64
66
51
72
48
69
47
67
60
66
57
69
51
67
48
68
54
68
50
48
69
48
64
48
64
49
62
58
81
60
72
57
72
62
63
52
48
59
47
58
49
61
49
60
50
69
49
56
45
68
65
68
61
77
52
47
67
59
60
49
59
49
61
46
63
50
62
46
63
47
59
46
65
47
49
66
63
57
49
61
50
62
47
62
48
57
48
62
47
58
47
45
61
46
62
52
61
47
64
45
63
49
68
56
75
57
74
47
76
50
46
63
54
61
46
65
53
62
50
58
47
62
52
65
48
63
49
58
47
48
62
44
71
61
59
47
66
50
60
46
65
46
65
49
60
48
63
50
52
62
69
59
60
76
53
77
46
65
52
77
53
75
55
62
46
50
44
48
79
61
75
53
78
57
65
47
67
57
78
68
73
52
64
46
50
76
53
62
50
61
54
60
50
62
48
62
51
68
55
67
57
69
47
50
87
48
68
212
80
51
67
110
462
1382
1217
63
67
45
64
68
174
163
123
311
382
586
563
102
81
116
111
146
152
217
129
88
62
67
53
68
49
51
60
47
58
56
57
49
57
51
62
46
68
47
54
55
63
57
44
59
48
59
51
62
49
60
48
71
45
55
48
136
132
146
130
121
89
98
131
123
140
116
155
136
140
107
152
86
66
52
77
47
62
56
60
56
46
65
50
63
46
72
48
58
46
60
56
58
48
70
145
144
124
121
102
124
134
116
130
73
79
61
74
89
84
47
73
48
62
47
62
58
63
83
56
70
47
79
51
63
56
67
48
63
47
58
47
63
47
57
54
62
74
48
60
49
64
52
59
48
60
51
59
51
57
51
59
49
62
55
59
81
59
74
55
61
49
69
46
62
45
70
47
71
48
61
49
52
51
51
58
51
60
47
61
49
62
47
65
59
73
59
70
60
62
56
46
69
53
64
56
74
60
67
131
106
90
125
117
110
88
122
107
143
132
159
141
149
184
143
141
114
125
104
117
121
142
147
159
153
77
65
61
58
50
62
56
66
57
64
46
67
49
66
48
76
58
62
62
73
46
61
59
59
93
59
75
55
72
56
63
58
75
54
74
56
74
133
163
118
164
163
129
152
153
170
177
178
149
119
59
60
58
67
56
74
54
78
45
46
76
62
77
57
74
48
64
49
61
57
61
54
63
50
66
51
62
50
50
70
45
67
48
60
45
60
46
81
56
64
54
68
50
65
60
48
46
51
66
48
75
53
65
48
59
45
61
53
73
54
72
50
63
49
45
61
62
72
57
75
55
76
50
60
47
65
51
77
55
68
60
77
52
50
66
47
65
45
62
50
61
55
59
48
62
49
59
51
64
59
58
61
50
71
51
61
50
58
45
65
51
59
57
70
47
66
51
65
50
46
49
53
142
135
157
117
153
110
144
102
81
50
76
66
84
85
108
109
141
161
142
141
118
152
125
140
106
144
102
128
54
74
56
78
47
67
47
50
63
60
62
58
83
54
75
48
62
50
64
48
60
50
69
46
64
53
48
61
48
59
49
63
48
64
49
66
48
59
61
61
57
76
51
45
56
50
62
47
65
143
165
170
178
181
189
164
172
169
177
116
126
50
49
59
58
74
51
59
49
70
72
69
59
66
51
61
47
67
64
63
68
61
84
54
76
56
67
56
61
50
61
46
64
48
64
48
60
52
69
52
51
65
56
62
51
60
60
69
45
64
51
88
48
61
47
62
54
51
50
50
62
48
61
48
60
50
64
45
56
48
62
51
64
49
58
49
49
70
49
60
51
65
49
58
45
59
48
68
55
66
59
58
48
62
48
45
61
50
62
50
68
54
56
49
78
58
61
47
60
129
60
46
60
46
49
58
46
58
49
56
51
57
60
74
54
71
59
74
59
62
56
47
45
50
65
120
142
110
166
174
150
123
183
139
161
151
155
151
171
174
149
184
200
170
164
189
150
73
49
71
44
65
46
63
49
67
51
68
52
49
69
46
68
48
65
50
79
69
83
84
68
50
66
45
69
50
71
52
46
72
51
77
47
68
46
66
50
62
47
65
72
70
56
91
63
44
78
52
81
63
68
139
150
127
145
160
142
151
142
135
140
139
160
132
65
63
60
81
58
74
56
73
51
61
57
74
63
72
59
74
57
71
50
45
59
44
60
60
62
61
63
47
58
53
63
59
63
46
60
48
62
46
46
64
46
57
50
69
57
62
65
58
59
73
48
66
46
64
51
48
47
49
65
50
69
51
70
57
60
60
72
58
73
59
68
60
63
75
53
59
61
76
61
60
49
67
58
62
49
57
48
67
54
77
57
63
52
52
77
50
80
52
65
48
68
141
150
148
155
153
161
145
153
143
181
147
126
167
141
151
150
196
132
167
132
186
55
73
56
66
48
63
56
44
48
50
71
47
63
51
66
45
63
48
62
48
66
49
64
45
68
49
64
79
47
62
51
65
58
60
47
63
47
64
46
64
52
62
59
59
48
42
60
48
63
57
78
47
58
52
63
47
62
44
60
49
60
52
64
56
49
73
51
62
46
65
55
68
60
74
50
62
54
60
48
62
48
49
46
56
143
173
178
151
186
166
170
155
153
158
149
153
66
55
65
55
55
58
51
74
55
60
61
63
54
65
57
68
50
70
62
72
54
64
61
48
62
61
62
58
59
69
61
47
55
51
60
49
55
63
80
59
64
49
45
62
45
60
46
60
45
64
56
58
46
73
56
73
57
72
59
60
46
57
57
47
57
48
62
49
60
50
64
60
65
65
79
52
76
64
63
64
52
80
50
67
63
89
130
140
119
138
137
140
123
143
128
125
128
133
155
126
145
133
136
125
147
123
147
131
133
49
65
58
69
54
63
61
49
63
49
61
46
66
59
67
56
76
54
68
62
68
51
76
65
61
47
51
74
49
79
62
62
54
65
58
71
53
61
45
63
46
62
88
60
62
57
81
55
62
50
60
62
63
50
59
58
77
53
75
55
74
56
46
66
49
61
55
77
55
75
54
67
54
75
47
62
54
65
62
70
55
47
64
45
66
49
64
50
62
49
77
58
61
48
60
51
63
54
48
50
58
73
49
66
48
63
55
77
50
68
55
65
48
71
51
63
70
77
141
148
166
145
155
137
163
155
152
158
146
55
72
47
72
45
60
57
59
64
58
59
47
59
46
57
49
58
48
62
47
58
60
64
55
62
46
50
65
50
58
45
64
57
60
50
64
46
61
47
67
58
62
52
49
47
60
61
48
61
49
131
131
141
122
152
134
148
144
176
142
129
131
131
146
133
153
134
167
175
157
101
153
109
68
50
62
49
63
46
74
56
48
63
53
63
50
61
51
63
50
62
46
71
52
74
51
69
55
74
58
48
76
54
67
52
66
48
73
45
60
57
79
52
76
53
77
54
53
58
48
69
46
69
48
64
47
66
47
63
46
70
50
62
49
62
48
45
68
59
84
56
68
109
64
48
69
45
71
49
72
45
67
46
68
45
52
66
49
62
54
77
53
79
61
78
65
63
64
67
51
67
47
62
48
44
71
61
88
50
82
61
63
53
72
51
63
72
65
48
66
59
48
47
57
74
50
65
48
66
51
66
47
69
45
69
50
65
55
169
160
173
182
154
175
155
145
132
154
146
82
58
71
61
59
58
63
58
62
67
60
74
65
75
52
66
46
64
65
76
58
73
56
66
52
66
49
63
55
45
71
62
64
56
62
58
63
48
59
50
72
56
75
48
61
46
48
59
54
70
48
66
51
67
53
80
61
61
50
67
50
65
56
76
55
50
75
48
68
58
87
54
65
54
66
46
65
62
74
60
91
45
67
69
67
70
68
83
57
72
53
71
55
64
54
77
52
86
57
64
134
147
127
143
143
135
135
114
143
114
156
154
160
141
163
116
71
46
70
84
87
103
117
128
115
130
71
74
59
55
59
71
58
64
48
73
53
73
58
60
74
64
73
57
63
57
74
51
62
49
65
49
63
68
71
58
74
58
52
57
68
67
55
78
50
65
49
73
57
63
55
69
53
78
59
85
74
53
69
48
70
64
62
49
66
50
63
51
68
57
84
56
163
384
206
51
48
60
58
66
48
56
68
75
58
72
58
73
56
73
58
61
57
59
77
56
62
57
65
49
62
43
74
57
71
58
73
49
58
48
61
46
48
64
52
74
58
61
58
61
65
66
57
66
73
81
58
76
65
65
55
53
59
47
62
47
59
53
83
65
61
50
61
49
63
60
71
59
60
48
47
80
46
63
65
69
50
63
50
68
47
62
55
69
50
69
57
55
68
51
61
48
61
52
59
46
61
50
57
47
67
48
62
52
60
47
45
67
49
61
55
70
49
65
57
71
60
68
60
63
50
65
50
58
47
51
65
62
64
49
62
45
72
45
61
50
75
59
69
50
63
57
57
62
61
78
50
67
53
75
66
75
55
75
55
75
49
64
61
78
51
42
66
55
62
58
66
53
82
58
76
56
75
51
78
53
65
46
66
47
47
61
51
59
67
73
57
65
50
64
50
60
50
59
45
60
51
63
47
50
64
47
63
52
64
58
64
64
70
50
67
55
65
47
67
59
61
60
48
67
47
152
135
172
150
164
144
149
128
161
149
158
134
71
70
69
88
63
79
61
70
54
71
48
67
49
66
45
67
53
68
58
73
47
47
65
48
65
50
62
49
78
47
68
47
69
51
76
49
62
46
73
60
62
78
59
81
64
71
59
62
48
66
59
78
53
76
53
77
57
56
51
61
83
58
62
57
77
53
75
57
60
46
77
56
74
56
63
55
50
65
57
72
50
62
46
71
51
64
60
86
56
68
50
72
47
68
54
62
76
52
78
133
154
153
161
149
158
139
142
106
142
100
139
138
161
153
110
145
123
135
124
144
126
101
47
80
71
89
64
71
51
65
51
51
70
57
80
68
92
65
63
50
59
49
66
51
65
48
69
47
65
56
50
64
50
66
52
62
51
66
47
64
45
65
49
69
56
68
50
65
49
52
67
46
70
53
68
62
71
47
67
47
69
47
84
56
73
50
63
47
51
63
48
67
53
67
47
61
49
69
47
66
49
66
48
66
50
58
45
48
69
58
66
49
64
48
60
47
64
49
63
48
60
47
62
46
47
63
49
61
54
62
50
58
49
62
50
59
62
76
58
72
59
61
66
49
77
49
61
46
64
63
78
51
75
67
73
53
76
50
67
47
64
46
56
65
50
63
43
68
50
58
46
63
47
59
47
80
50
69
57
58
53
63
59
54
70
53
75
57
73
57
71
50
65
44
58
49
63
50
46
63
48
64
63
69
53
68
53
75
58
62
48
63
48
58
47
63
47
49
59
47
65
50
56
57
59
50
68
45
57
48
62
50
72
57
61
48
45
62
49
59
52
57
46
63
50
63
53
62
68
75
55
62
55
48
52
55
71
51
70
46
60
45
64
60
71
61
80
50
56
49
64
45
45
60
48
60
55
60
48
59
58
72
57
61
49
70
48
57
48
63
47
45
57
50
60
50
60
55
71
58
61
47
69
54
85
49
60
49
63
46
45
64
46
57
54
76
50
61
57
58
51
57
52
61
51
70
59
73
46
48
68
55
64
48
67
49
68
50
72
49
68
57
65
65
66
60
64
75
71
67
54
86
55
64
54
67
145
150
143
178
143
165
142
166
141
132
127
68
70
50
72
61
80
49
69
63
76
51
69
65
67
46
82
68
51
67
47
65
51
66
57
66
53
67
52
67
54
75
55
62
51
46
48
45
68
54
64
49
64
47
63
46
61
56
73
59
71
52
79
50
49
62
62
75
53
62
46
73
63
60
56
73
49
60
52
64
49
61
49
44
74
46
63
48
69
53
65
49
67
46
74
48
66
48
84
58
73
50
53
66
47
65
50
66
47
59
46
74
46
61
51
65
52
141
151
161
161
154
177
140
174
145
176
161
158
147
157
74
78
66
77
59
77
49
58
74
46
62
49
64
51
66
46
63
50
71
57
71
58
75
65
83
49
44
68
48
67
47
68
47
67
65
61
61
75
56
79
54
61
50
66
49
50
60
53
64
54
64
47
66
53
58
46
76
49
59
45
65
50
44
46
49
62
51
63
59
63
58
62
48
60
49
60
47
74
60
64
51
45
65
51
64
49
61
59
63
55
66
53
76
59
64
48
66
58
73
45
50
60
51
64
51
62
49
60
49
65
50
58
48
62
47
61
49
62
63
51
75
56
60
46
64
48
61
69
75
51
61
46
58
58
59
47
51
47
46
62
57
65
46
58
48
62
50
61
46
70
46
57
47
62
48
45
63
46
64
49
65
49
67
56
65
48
67
55
64
50
