293 3
64 1
58 1
71 1
128 2
50 1
64 1
60 1
63 1
128 2
63 1
133 2
55 1
69 1
66 1
68 1
67 1
57 1
64 1
65 1
65 1
109 2
72 1
69 1
69 1
115 2
66 1
65 1
52 1
61 1
65 1
65 1
65 1
47 1
72 1
63 1
69 1
74 1
57 1
74 1
134 2
50 1
69 1
87 1
68 1
66 1
50 1
78 1
66 1
71 1
69 1
47 1
69 1
68 1
65 1
47 1
76 1
68 1
69 1
117 2
66 1
65 1
65 1
48 1
49 1
62 1
190 3
79 1
59 1
62 1
63 1
44 1
76 1
68 1
120 2
63 1
66 1
64 1
63 1
54 1
62 1
135 2
64 1
46 1
66 1
62 1
61 1
59 1
63 1
138 2
66 1
49 1
63 1
68 1
123 2
111 2
66 1
65 1
47 1
84 1
63 1
130 2
116 2
66 1
62 1
53 1
68 1
67 1
64 1
65 1
49 1
68 1
70 1
129 2
54 1
69 1
65 1
66 1
255 4
64 1
48 1
67 1
65 1
113 2
49 1
70 1
63 1
63 1
56 1
65 1
64 1
64 1
65 1
56 1
75 1
139 2
50 1
130 2
320 5
66 1
64 1
48 1
201 3
49 1
199 3
64 1
113 2
65 1
119 2
49 1
66 1
131 2
48 1
65 1
65 1
64 1
63 1
116 2
66 1
114 2
132 2
63 1
112 2
128 2
65 1
66 1
49 1
71 1
64 1
63 1
45 1
196 3
65 1
116 2
64 1
67 1
51 1
111 2
65 1
140 2
62 1
67 1
65 1
117 2
72 1
63 1
66 1
47 1
69 1
137 2
116 2
64 1
67 1
66 1
62 1
50 1
62 1
66 1
66 1
49 1
139 2
67 1
73 1
50 1
208 3
51 1
42 1
73 1
70 1
69 1
119 2
129 2
112 2
69 1
63 1
65 1
49 1
68 1
134 2
65 1
47 1
68 1
201 3
107 2
75 1
74 1
115 2
66 1
65 1
65 1
46 1
77 1
159 2
94 2
129 2
69 1
111 2
64 1
132 2
58 1
68 1
65 1
68 1
51 1
70 1
135 2
70 1
50 1
67 1
66 1
71 1
67 1
45 1
70 1
69 1
64 1
46 1
140 2
65 1
116 2
197 3
48 1
43 1
64 1
64 1
75 1
55 1
66 1
62 1
68 1
115 2
67 1
66 1
64 1
124 2
66 1
64 1
64 1
55 1
74 1
126 2
59 1
49 1
62 1
127 2
50 1
77 1
68 1
62 1
62 1
46 1
61 1
122 2
47 1
45 1
74 1
79 1
71 1
57 1
75 1
74 1
193 3
59 1
62 1
64 1
51 1
63 1
61 1
234 4
61 1
58 1
116 2
79 1
60 1
62 1
109 2
61 1
63 1
115 2
60 1
126 2
49 1
48 1
65 1
61 1
60 1
52 1
120 2
123 2
48 1
62 1
59 1
61 1
50 1
60 1
63 1
123 2
50 1
59 1
66 1
180 3
130 2
61 1
104 2
65 1
66 1
63 1
55 1
179 3
49 1
48 1
59 1
68 1
72 1
124 2
186 3
46 1
57 1
70 1
233 4
63 1
61 1
51 1
76 1
158 1
103 1
158 1
227 1
136 2
67 1
53 1
134 2
64 1
83 1
60 1
64 1
129 2
54 1
50 1
65 1
63 1
115 2
67 1
133 2
72 1
49 1
65 1
65 1
65 1
49 1
72 1
64 1
66 1
239 4
62 1
62 1
51 1
62 1
63 1
63 1
45 1
61 1
65 1
65 1
65 1
49 1
65 1
140 2
50 1
51 1
63 1
59 1
59 1
56 1
66 1
61 1
61 1
61 1
109 2
57 1
174 3
128 2
66 1
48 1
60 1
61 1
60 1
62 1
49 1
123 2
63 1
111 2
63 1
64 1
59 1
57 1
65 1
122 2
48 1
59 1
59 1
59 1
60 1
48 1
61 1
64 1
63 1
69 1
47 1
63 1
60 1
61 1
50 1
290 5
64 1
63 1
63 1
58 1
111 2
61 1
60 1
49 1
120 2
67 1
63 1
48 1
61 1
221 4
185 3
47 1
118 2
61 1
67 1
47 1
63 1
60 1
62 1
112 2
60 1
60 1
60 1
46 1
124 2
61 1
74 1
49 1
59 1
63 1
59 1
64 1
60 1
127 2
61 1
51 1
63 1
65 1
58 1
48 1
49 1
59 1
66 1
63 1
50 1
61 1
59 1
62 1
61 1
63 1
60 1
61 1
63 1
105 2
66 1
184 3
62 1
61 1
64 1
58 1
47 1
60 1
227 4
70 1
68 1
73 1
52 1
122 2
112 2
118 2
62 1
117 2
59 1
62 1
62 1
66 1
57 1
77 1
68 1
121 2
67 1
65 1
66 1
68 1
49 1
60 1
67 1
64 1
66 1
57 1
63 1
70 1
112 2
62 1
64 1
65 1
65 1
109 2
70 1
69 1
44 1
48 1
69 1
66 1
65 1
50 1
65 1
65 1
66 1
65 1
50 1
74 1
65 1
135 2
66 1
70 1
65 1
64 1
48 1
129 2
63 1
65 1
48 1
207 3
47 1
62 1
65 1
68 1
65 1
51 1
66 1
65 1
65 1
49 1
49 1
62 1
139 2
49 1
61 1
65 1
141 2
115 2
70 1
67 1
45 1
67 1
66 1
65 1
65 1
49 1
65 1
66 1
65 1
67 1
46 1
62 1
129 2
118 2
62 1
65 1
67 1
48 1
68 1
66 1
67 1
47 1
50 1
63 1
95 1
64 1
50 1
73 1
66 1
130 2
51 1
66 1
63 1
115 2
130 2
74 1
67 1
117 2
67 1
66 1
80 1
50 1
130 2
65 1
48 1
66 1
64 1
65 1
64 1
115 2
69 1
240 4
60 1
66 1
51 1
190 3
64 1
111 2
170 2
70 1
138 2
70 1
61 1
61 1
131 2
62 1
65 1
112 2
64 1
114 2
65 1
61 1
65 1
64 1
60 1
61 1
66 1
63 1
96 2
59 1
64 1
62 1
66 1
71 1
61 1
66 1
68 1
51 1
216 3
50 1
66 1
63 1
66 1
64 1
61 1
67 1
63 1
65 1
65 1
115 2
64 1
61 1
57 1
63 1
74 1
61 1
65 1
50 1
65 1
66 1
114 2
49 1
63 1
134 2
81 1
102 1
107 1
179 2
304 5
64 1
191 3
50 1
133 2
69 1
66 1
114 2
247 4
64 1
80 1
59 1
52 1
64 1
130 2
50 1
163 2
62 1
261 4
63 1
68 1
48 1
193 3
46 1
65 1
60 1
68 1
63 1
49 1
64 1
66 1
73 1
62 1
58 1
127 2
67 1
115 2
63 1
64 1
168 3
66 1
64 1
46 1
115 2
73 1
67 1
142 2
63 1
74 1
73 1
47 1
83 1
128 2
50 1
87 1
70 1
67 1
181 3
60 1
70 1
64 1
59 1
66 1
68 1
70 1
53 1
179 3
61 1
52 1
62 1
61 1
73 1
99 2
65 1
256 3
91 1
91 1
60 1
59 1
73 1
63 1
123 2
54 1
70 1
61 1
61 1
61 1
49 1
58 1
62 1
121 2
45 1
64 1
60 1
58 1
66 1
59 1
62 1
59 1
70 1
159 2
101 1
104 1
89 1
191 2
121 2
51 1
62 1
64 1
62 1
62 1
51 1
121 2
60 1
47 1
61 1
73 1
66 1
62 1
50 1
60 1
62 1
58 1
58 1
111 2
60 1
59 1
110 2
61 1
60 1
180 3
60 1
61 1
52 1
50 1
59 1
129 2
59 1
60 1
124 2
61 1
49 1
70 1
61 1
64 1
45 1
61 1
128 2
60 1
53 1
64 1
58 1
61 1
58 1
46 1
62 1
69 1
63 1
45 1
127 2
136 2
65 1
60 1
60 1
61 1
46 1
50 1
56 1
141 2
114 2
126 2
122 2
74 1
71 1
65 1
52 1
194 3
64 1
54 1
60 1
78 1
71 1
65 1
106 2
149 2
50 1
196 3
111 2
65 1
66 1
63 1
51 1
49 1
59 1
67 1
74 1
52 1
69 1
128 2
66 1
48 1
60 1
66 1
65 1
48 1
65 1
65 1
65 1
66 1
48 1
133 2
66 1
72 1
47 1
63 1
76 1
64 1
51 1
130 2
64 1
65 1
125 2
65 1
64 1
45 1
173 3
62 1
50 1
61 1
63 1
62 1
73 1
45 1
57 1
63 1
59 1
47 1
63 1
59 1
61 1
61 1
49 1
64 1
60 1
69 1
67 1
51 1
128 2
59 1
111 2
63 1
61 1
59 1
48 1
132 2
59 1
70 1
74 1
89 1
61 1
61 1
46 1
77 1
62 1
68 1
61 1
105 2
60 1
60 1
46 1
60 1
131 2
116 2
61 1
61 1
61 1
112 2
61 1
61 1
171 3
72 1
71 1
95 1
60 1
61 1
63 1
61 1
48 1
51 1
62 1
61 1
59 1
241 4
63 1
47 1
59 1
62 1
116 2
64 1
64 1
64 1
61 1
45 1
66 1
131 2
64 1
48 1
67 1
63 1
112 2
67 1
61 1
62 1
62 1
119 2
63 1
63 1
54 1
113 2
133 2
57 1
64 1
65 1
65 1
64 1
105 2
66 1
109 2
60 1
60 1
64 1
65 1
51 1
65 1
129 2
114 2
61 1
128 2
47 1
130 2
86 1
62 1
47 1
60 1
63 1
66 1
51 1
50 1
66 1
64 1
64 1
50 1
64 1
136 2
65 1
49 1
129 2
67 1
113 2
64 1
136 2
120 2
64 1
65 1
64 1
108 2
64 1
81 1
49 1
68 1
62 1
63 1
58 1
51 1
124 2
63 1
49 1
51 1
61 1
59 1
62 1
54 1
60 1
60 1
75 1
61 1
49 1
59 1
61 1
60 1
47 1
64 1
58 1
62 1
58 1
48 1
63 1
59 1
120 2
105 2
63 1
64 1
51 1
61 1
60 1
60 1
60 1
47 1
63 1
59 1
106 2
179 3
170 3
59 1
63 1
113 2
61 1
60 1
111 2
59 1
57 1
61 1
60 1
51 1
59 1
62 1
123 2
47 1
134 2
61 1
48 1
62 1
59 1
61 1
57 1
50 1
62 1
59 1
60 1
48 1
44 1
72 1
59 1
62 1
48 1
61 1
121 2
60 1
165 3
61 1
49 1
59 1
61 1
63 1
64 1
49 1
59 1
60 1
59 1
192 3
212 3
67 1
68 1
96 1
69 1
122 2
74 1
84 1
59 1
137 2
78 1
80 1
61 1
137 2
85 1
76 1
132 2
70 1
144 2
66 1
69 1
68 1
109 2
66 1
65 1
65 1
68 1
116 2
66 1
117 2
77 1
130 2
119 2
132 2
61 1
50 1
46 1
64 1
61 1
116 2
63 1
65 1
65 1
67 1
114 2
130 2
50 1
64 1
65 1
138 2
46 1
66 1
65 1
63 1
62 1
51 1
65 1
71 1
178 3
63 1
63 1
116 2
66 1
62 1
114 2
110 2
60 1
68 1
47 1
60 1
60 1
60 1
80 1
71 1
79 1
184 3
63 1
64 1
65 1
65 1
51 1
146 2
131 2
47 1
61 1
65 1
179 3
75 1
59 1
60 1
121 2
65 1
64 1
50 1
114 2
62 1
133 2
63 1
127 2
68 1
48 1
69 1
60 1
182 3
68 1
69 1
65 1
45 1
78 1
67 1
129 2
54 1
142 2
117 2
68 1
64 1
72 1
69 1
48 1
65 1
64 1
66 1
47 1
46 1
68 1
65 1
70 1
53 1
65 1
70 1
144 2
50 1
141 2
67 1
46 1
70 1
71 1
67 1
191 3
209 3
120 2
78 1
75 1
50 1
68 1
83 1
67 1
64 1
48 1
64 1
190 3
54 1
64 1
65 1
62 1
53 1
121 2
139 2
47 1
63 1
63 1
110 2
125 2
170 3
64 1
64 1
59 1
71 1
52 1
61 1
62 1
60 1
55 1
60 1
64 1
62 1
64 1
47 1
63 1
60 1
63 1
121 2
60 1
117 2
49 1
73 1
60 1
61 1
206 3
99 1
101 1
46 1
60 1
64 1
63 1
61 1
45 1
72 1
69 1
61 1
63 1
227 4
51 1
66 1
59 1
121 2
53 1
122 2
113 2
146 2
121 2
120 2
98 1
105 1
110 1
90 1
219 2
116 1
46 1
61 1
61 1
130 2
50 1
65 1
65 1
68 1
117 2
130 2
116 2
74 1
63 1
62 1
59 1
53 1
76 1
65 1
60 1
53 1
110 2
72 1
117 2
66 1
69 1
62 1
120 2
62 1
59 1
59 1
116 2
64 1
63 1
81 1
121 2
66 1
66 1
114 2
65 1
90 1
61 1
51 1
63 1
68 1
94 1
65 1
59 1
88 1
153 2
58 1
48 1
136 2
68 1
59 1
131 2
69 1
116 2
66 1
68 1
74 1
131 2
78 1
68 1
69 1
58 1
63 1
74 1
68 1
70 1
46 1
64 1
342 3
62 1
86 1
783 2
510 1
445 1
70 1
106 1
223 1
679 3
309 1
555 1
129 1
495 1
315 1
221 1
1134 2
95 1
77 1
72 1
60 1
62 1
65 1
58 1
52 1
133 2
125 2
49 1
60 1
60 1
60 1
68 1
62 1
61 1
58 1
71 1
52 1
58 1
65 1
63 1
52 1
110 2
61 1
68 1
112 2
119 2
106 2
62 1
61 1
59 1
49 1
56 1
121 2
108 2
121 2
63 1
64 1
47 1
138 2
60 1
112 2
65 1
132 2
96 1
208 1
212 1
205 1
363 2
166 1
190 1
179 1
174 1
263 2
179 1
181 1
186 1
283 1
348 2
188 1
68 1
63 1
74 1
60 1
46 1
62 1
61 1
60 1
139 2
75 1
62 1
68 1
51 1
64 1
68 1
67 1
64 1
121 2
65 1
72 1
50 1
117 2
66 1
71 1
46 1
88 1
68 1
65 1
66 1
48 1
63 1
88 1
65 1
116 2
64 1
65 1
64 1
50 1
65 1
65 1
67 1
63 1
111 2
65 1
126 2
76 1
67 1
64 1
65 1
49 1
62 1
153 2
50 1
49 1
67 1
65 1
67 1
56 1
61 1
130 2
65 1
48 1
62 1
65 1
64 1
51 1
70 1
63 1
63 1
64 1
46 1
126 2
65 1
63 1
47 1
183 3
48 1
61 1
69 1
133 1
285 2
163 1
324 2
105 1
97 1
132 1
178 1
356 2
177 1
189 1
364 2
136 1
157 1
146 1
151 1
48 1
118 2
61 1
108 2
61 1
69 1
63 1
62 1
46 1
80 1
72 1
63 1
45 1
125 2
64 1
63 1
57 1
60 1
62 1
62 1
120 1
262 2
132 1
151 1
133 1
147 1
126 1
112 1
276 2
157 1
67 1
76 1
49 1
68 1
129 2
71 1
49 1
66 1
76 1
67 1
65 1
48 1
64 1
69 1
66 1
116 2
137 2
71 1
46 1
69 1
69 1
65 1
45 1
114 2
67 1
69 1
47 1
198 3
180 3
65 1
112 2
69 1
75 1
140 2
48 1
131 2
71 1
70 1
55 1
64 1
64 1
66 1
48 1
67 1
65 1
71 1
74 1
48 1
66 1
66 1
134 2
76 1
109 1
111 1
107 1
168 2
64 1
83 1
68 1
46 1
134 2
69 1
48 1
69 1
127 2
113 2
63 1
66 1
63 1
224 3
129 2
117 2
79 1
83 1
92 1
61 1
65 1
174 3
48 1
189 3
128 2
64 1
258 4
70 1
63 1
51 1
65 1
67 1
64 1
76 1
50 1
64 1
65 1
62 1
65 1
48 1
68 1
127 2
111 2
64 1
70 1
65 1
45 1
66 1
72 1
60 1
53 1
48 1
66 1
66 1
120 2
71 1
127 2
63 1
52 1
62 1
61 1
61 1
195 2
164 1
437 3
146 1
464 3
293 2
314 2
152 1
169 1
158 1
183 1
261 1
246 1
120 2
69 1
48 1
44 1
64 1
60 1
65 1
45 1
65 1
118 2
59 1
50 1
61 1
61 1
58 1
48 1
59 1
59 1
60 1
61 1
46 1
116 2
146 1
167 1
162 1
182 1
181 1
166 1
168 1
177 1
163 1
97 1
99 1
122 1
71 1
84 1
67 1
49 1
56 1
65 1
138 2
51 1
65 1
65 1
198 3
63 1
65 1
172 3
67 1
130 2
123 2
64 1
68 1
61 1
56 1
59 1
61 1
294 5
68 1
59 1
59 1
58 1
65 1
58 1
46 1
63 1
63 1
110 2
62 1
60 1
171 3
66 1
63 1
64 1
110 2
60 1
59 1
108 2
63 1
129 2
121 2
60 1
58 1
110 2
122 2
61 1
118 2
60 1
62 1
64 1
47 1
50 1
62 1
60 1
58 1
48 1
64 1
121 2
115 2
64 1
125 2
48 1
70 1
121 2
61 1
47 1
200 3
63 1
47 1
124 2
66 1
51 1
61 1
63 1
72 1
111 2
62 1
62 1
62 1
49 1
44 1
57 1
60 1
65 1
49 1
61 1
60 1
61 1
61 1
48 1
60 1
61 1
230 4
59 1
171 3
60 1
60 1
59 1
48 1
59 1
59 1
61 1
46 1
61 1
61 1
130 1
349 2
180 1
169 1
167 1
178 1
142 1
313 2
144 1
118 1
138 1
132 1
136 1
124 1
98 1
127 1
127 1
124 1
112 1
76 1
66 1
67 1
61 1
46 1
57 1
62 1
67 1
127 2
66 1
65 1
65 1
45 1
66 1
69 1
74 1
122 2
128 2
64 1
49 1
50 1
68 1
63 1
67 1
179 3
66 1
64 1
48 1
70 1
85 1
67 1
47 1
62 1
132 2
69 1
51 1
68 1
137 2
68 1
181 3
71 1
52 1
65 1
61 1
59 1
66 1
47 1
57 1
62 1
60 1
102 2
357 3
141 1
144 1
285 2
139 1
285 2
135 1
132 1
123 1
206 2
60 1
59 1
110 2
181 3
49 1
62 1
58 1
109 2
62 1
67 1
67 1
60 1
171 3
61 1
47 1
58 1
65 1
59 1
60 1
46 1
61 1
63 1
60 1
58 1
50 1
73 1
118 2
111 2
61 1
125 2
55 1
60 1
59 1
157 2
58 1
61 1
61 1
62 1
50 1
60 1
61 1
124 2
48 1
67 1
61 1
59 1
48 1
106 2
66 1
59 1
50 1
58 1
59 1
60 1
60 1
171 3
59 1
53 1
63 1
58 1
61 1
59 1
179 3
63 1
59 1
114 2
62 1
68 1
171 3
122 2
108 2
59 1
60 1
71 1
46 1
118 2
107 2
62 1
67 1
142 1
146 1
156 1
331 2
171 1
142 1
148 1
141 1
153 1
154 1
137 1
172 1
334 2
290 2
247 2
137 1
114 1
66 1
182 3
47 1
63 1
59 1
61 1
225 4
60 1
52 1
62 1
132 2
59 1
49 1
136 2
64 1
50 1
63 1
63 1
74 1
63 1
48 1
65 1
131 2
78 1
52 1
61 1
90 1
62 1
50 1
60 1
60 1
63 1
63 1
46 1
67 1
62 1
60 1
50 1
50 1
63 1
170 3
62 1
186 3
47 1
61 1
60 1
61 1
51 1
57 1
90 1
56 1
60 1
47 1
64 1
145 2
60 1
47 1
61 1
62 1
60 1
48 1
61 1
60 1
122 2
53 1
68 1
58 1
59 1
48 1
49 1
71 1
62 1
59 1
47 1
63 1
68 1
76 1
67 1
113 2
60 1
118 2
63 1
58 1
79 1
62 1
57 1
118 2
62 1
73 1
68 1
89 1
97 1
127 2
60 1
75 1
57 1
61 1
136 1
157 1
147 1
171 1
125 1
140 1
142 1
103 1
131 1
112 1
138 1
295 2
174 1
46 1
65 1
122 2
47 1
58 1
63 1
121 2
59 1
73 1
70 1
60 1
59 1
49 1
66 1
60 1
63 1
115 2
63 1
66 1
61 1
46 1
119 2
142 2
49 1
63 1
83 1
112 2
63 1
61 1
70 1
61 1
50 1
62 1
60 1
60 1
49 1
149 1
144 1
148 1
280 2
485 3
101 1
122 1
207 1
180 1
123 1
464 4
137 1
130 1
155 1
155 1
110 2
111 2
71 1
63 1
60 1
61 1
139 2
83 1
46 1
63 1
67 1
63 1
47 1
62 1
130 2
66 1
110 2
62 1
67 1
64 1
49 1
66 1
63 1
75 1
48 1
69 1
69 1
65 1
67 1
117 2
159 2
46 1
49 1
67 1
77 1
72 1
131 2
69 1
68 1
127 2
63 1
69 1
113 2
68 1
71 1
65 1
246 4
68 1
71 1
51 1
68 1
64 1
66 1
47 1
66 1
67 1
66 1
63 1
112 2
70 1
103 1
52 1
48 1
62 1
68 1
85 1
46 1
65 1
76 1
79 1
66 1
47 1
127 2
118 2
132 2
135 2
48 1
62 1
69 1
132 2
46 1
71 1
68 1
64 1
51 1
64 1
67 1
68 1
66 1
48 1
68 1
70 1
115 2
50 1
76 1
141 2
47 1
77 1
68 1
134 2
49 1
204 3
50 1
203 3
70 1
45 1
135 2
135 2
115 2
128 2
51 1
68 1
83 1
144 2
48 1
68 1
132 2
47 1
51 1
60 1
64 1
64 1
52 1
65 1
127 2
62 1
50 1
65 1
67 1
63 1
50 1
65 1
130 2
345 3
139 1
147 1
165 1
150 1
147 1
136 1
169 1
127 1
158 1
145 1
131 1
132 1
259 2
121 1
125 1
118 1
103 1
111 1
130 1
128 1
116 1
257 2
116 1
142 1
112 1
391 3
113 1
130 1
143 1
138 1
108 2
68 1
183 3
49 1
57 1
61 1
107 2
136 2
60 1
64 1
46 1
126 2
61 1
47 1
47 1
70 1
126 2
46 1
65 1
134 2
59 1
49 1
143 2
59 1
46 1
59 1
65 1
121 2
46 1
64 1
63 1
63 1
109 2
57 1
118 2
120 2
61 1
59 1
63 1
57 1
59 1
63 1
62 1
64 1
53 1
64 1
64 1
63 1
110 2
59 1
61 1
59 1
59 1
69 1
59 1
310 5
67 1
51 1
181 3
108 2
60 1
130 2
49 1
118 2
204 2
50 1
62 1
63 1
60 1
50 1
48 1
57 1
60 1
60 1
47 1
56 1
62 1
59 1
80 1
56 1
59 1
60 1
61 1
50 1
77 1
64 1
59 1
60 1
47 1
122 2
63 1
60 1
50 1
64 1
63 1
60 1
51 1
60 1
59 1
59 1
59 1
49 1
57 1
60 1
60 1
49 1
51 1
61 1
59 1
175 3
64 1
113 1
102 1
189 2
62 1
60 1
47 1
63 1
60 1
60 1
58 1
50 1
60 1
61 1
61 1
62 1
50 1
66 1
64 1
73 1
47 1
64 1
60 1
119 2
48 1
63 1
60 1
59 1
48 1
58 1
62 1
63 1
60 1
47 1
62 1
61 1
67 1
62 1
56 1
63 1
60 1
171 3
196 3
111 2
64 1
63 1
62 1
114 2
59 1
61 1
49 1
180 3
61 1
50 1
120 1
64 1
59 1
47 1
44 1
73 1
69 1
67 1
48 1
62 1
120 2
231 4
60 1
48 1
63 1
63 1
126 2
46 1
62 1
62 1
125 2
46 1
64 1
60 1
60 1
114 2
284 2
62 1
46 1
62 1
59 1
64 1
50 1
50 1
62 1
60 1
59 1
46 1
58 1
62 1
65 1
59 1
49 1
61 1
62 1
59 1
45 1
128 2
64 1
59 1
50 1
59 1
60 1
62 1
75 1
50 1
61 1
62 1
59 1
47 1
58 1
67 1
124 2
109 2
61 1
111 2
51 1
63 1
188 3
61 1
62 1
123 2
47 1
65 1
130 2
53 1
126 2
62 1
70 1
69 1
96 1
62 1
60 1
79 1
48 1
59 1
64 1
107 2
62 1
139 2
62 1
54 1
60 1
63 1
63 1
48 1
48 1
65 1
67 1
64 1
117 2
138 2
64 1
118 2
64 1
62 1
50 1
62 1
72 1
63 1
66 1
48 1
77 1
93 1
166 2
176 3
64 1
48 1
140 2
60 1
59 1
103 2
64 1
63 1
46 1
43 1
119 2
62 1
51 1
62 1
60 1
61 1
111 2
120 2
63 1
46 1
94 1
57 1
67 1
65 1
125 1
98 1
66 1
59 1
69 1
57 1
132 2
65 1
49 1
129 2
58 1
59 1
49 1
183 3
46 1
49 1
73 1
142 2
46 1
131 2
61 1
88 1
48 1
128 2
69 1
87 1
83 1
70 1
68 1
71 1
58 1
66 1
60 1
74 1
64 1
53 1
73 1
68 1
66 1
47 1
71 1
64 1
57 1
74 1
57 1
72 1
76 1
134 2
52 1
74 1
136 2
131 2
99 1
59 1
64 1
56 1
59 1
118 1
94 1
