55
41
54
44
51
43
55
57
54
40
43
55
40
55
50
70
43
96
41
62
41
164
41
61
41
85
40
59
43
41
62
46
69
54
116
68
83
43
60
41
59
39
58
43
59
40
60
39
42
58
42
58
38
58
40
58
40
59
40
59
40
59
41
60
40
39
42
41
59
41
59
42
60
43
58
41
58
40
57
41
59
40
59
38
42
60
40
58
43
58
39
59
40
57
42
57
42
60
40
55
40
58
38
39
57
40
57
42
56
40
57
63
59
41
55
40
57
41
56
39
56
39
39
56
40
57
39
56
40
57
41
55
40
57
40
57
41
56
41
40
39
40
58
42
57
39
57
47
79
59
68
41
57
40
56
41
54
42
39
58
41
55
40
57
40
55
41
55
42
56
40
55
41
56
42
56
40
39
58
39
55
38
58
47
56
39
74
44
56
40
57
43
57
40
56
41
40
61
39
56
41
56
42
57
41
56
42
57
44
57
40
58
43
41
43
42
54
40
53
40
53
39
53
40
53
39
54
125
52
43
67
52
41
51
39
53
42
51
38
59
40
58
41
59
38
60
40
58
40
59
41
41
59
41
58
40
59
40
59
40
59
40
57
40
59
41
60
42
62
41
40
59
40
58
41
58
39
60
39
58
40
61
39
60
39
61
59
42
40
41
58
39
58
40
59
43
60
41
57
40
57
40
59
42
60
38
42
56
44
56
40
59
40
59
40
58
39
60
42
61
42
60
41
58
42
41
60
40
60
40
73
339
59
40
62
39
58
40
60
38
58
41
53
40
41
55
41
52
41
53
39
54
41
54
40
52
40
51
41
54
41
40
39
42
53
41
51
41
52
40
52
39
51
40
54
41
52
39
52
41
41
52
40
54
41
53
38
62
40
54
44
52
42
54
41
59
39
53
42
40
51
40
51
41
52
40
54
44
51
40
53
41
52
40
52
39
53
41
42
51
40
53
41
50
39
52
41
52
40
52
44
55
40
53
39
40
42
41
51
41
52
40
52
40
52
42
53
41
53
42
52
40
53
40
41
53
40
52
40
53
45
54
41
51
39
54
41
54
43
53
41
52
39
47
52
38
52
40
53
41
52
40
53
42
52
41
53
46
53
39
52
40
48
53
42
51
42
56
40
56
40
52
41
53
54
55
40
51
43
43
40
42
54
45
56
40
58
40
64
42
56
42
55
41
56
50
57
41
51
55
41
55
42
56
58
58
41
55
42
65
54
96
48
70
44
57
41
40
54
39
57
40
65
43
58
40
57
41
56
40
55
42
56
40
55
40
43
56
39
56
40
55
41
61
40
55
40
56
42
53
41
57
42
45
40
39
54
41
57
39
55
38
54
39
73
47
56
42
56
39
57
39
40
55
42
55
41
55
41
55
40
56
41
61
41
54
39
55
41
54
42
42
57
40
57
38
57
41
57
40
56
39
63
56
78
63
54
48
56
39
41
55
40
55
42
54
42
55
41
55
42
55
39
56
41
55
42
40
40
38
55
42
54
40
57
40
55
41
55
41
54
40
56
39
55
42
40
56
39
55
39
58
43
55
39
54
42
53
39
55
39
56
42
57
43
39
54
40
57
39
57
40
56
42
56
39
57
38
55
39
57
40
56
43
42
56
39
54
40
55
40
57
40
55
40
54
44
58
39
60
41
42
40
40
54
41
54
39
56
42
55
310
55
40
53
40
56
41
56
40
39
55
40
55
41
57
41
56
41
55
42
56
41
55
40
56
43
55
41
40
54
42
57
40
57
42
55
41
57
41
57
40
54
43
57
40
57
41
41
54
40
54
43
113
40
56
42
55
42
54
41
59
41
61
38
42
39
40
59
51
60
38
56
39
57
66
77
42
56
40
55
41
58
43
41
55
39
57
39
55
39
59
40
81
46
58
40
56
40
55
39
57
42
41
57
40
55
39
56
41
54
40
55
42
58
39
55
51
58
40
58
41
40
57
43
58
39
58
41
59
39
58
43
55
45
67
47
68
46
51
55
47
55
40
64
39
56
41
59
40
58
40
57
39
57
40
57
40
41
57
42
56
40
56
39
57
40
56
39
57
38
57
40
58
40
55
41
40
56
42
61
40
59
40
58
44
59
67
57
41
59
39
320
83
56
46
75
88
43
57
39
56
42
57
41
57
40
57
47
58
41
61
41
42
42
41
58
43
56
42
55
42
56
42
59
43
57
45
71
95
91
119
51
86
43
56
56
55
42
79
63
55
41
54
39
58
40
53
42
74
43
45
67
78
59
40
59
41
57
47
55
44
56
58
68
46
55
50
56
46
45
77
44
53
45
55
50
71
53
56
42
55
40
89
62
61
41
44
40
45
84
92
126
52
55
43
53
42
54
39
53
40
52
41
54
41
43
52
40
55
45
54
41
54
41
55
42
55
41
53
43
54
39
55
40
42
54
40
56
40
53
40
53
42
54
41
53
39
54
40
53
40
56
41
39
52
41
55
40
53
41
52
41
53
40
54
42
54
40
53
37
42
41
41
52
41
54
42
53
40
53
39
52
41
53
42
53
45
57
44
43
53
43
55
40
54
38
53
40
53
40
52
41
56
40
53
42
52
41
41
54
40
52
39
52
40
54
41
50
39
53
39
52
41
53
40
52
39
41
53
39
52
40
54
38
55
40
53
45
52
40
53
41
50
39
53
54
50
66
41
51
43
52
41
55
38
51
40
52
41
54
41
56
41
39
56
39
55
41
53
39
52
40
51
40
52
41
53
39
52
42
51
41
38
52
42
51
40
51
43
79
50
54
41
53
41
54
41
53
41
55
40
40
57
41
59
41
56
39
54
40
58
38
59
40
57
39
55
42
39
40
41
57
48
56
40
55
44
58
39
53
45
54
42
59
40
66
41
46
62
41
54
42
54
39
56
42
58
41
56
40
56
42
56
44
55
40
42
56
60
71
60
78
40
57
41
53
43
52
42
55
39
53
41
55
43
41
52
40
52
42
53
40
52
41
52
40
52
40
52
42
52
40
40
39
40
54
40
54
40
52
39
51
39
52
40
51
50
74
40
52
40
41
53
41
51
40
52
41
54
40
50
40
52
41
55
40
54
40
53
40
40
53
39
55
40
54
40
54
40
55
42
54
41
54
41
54
41
55
41
38
53
40
53
40
53
41
54
40
52
40
66
40
54
40
54
51
42
39
42
52
41
54
41
54
43
54
42
55
39
52
41
53
40
52
39
38
54
42
54
39
54
41
54
40
54
39
54
41
54
41
55
40
64
56
57
77
62
76
40
53
41
65
53
53
56
55
41
53
42
56
41
53
40
40
52
41
54
41
52
40
52
40
52
41
54
41
54
40
55
39
39
41
40
54
41
53
41
53
39
55
41
54
42
54
39
54
40
54
42
40
55
40
55
41
52
41
54
42
56
39
55
41
55
40
53
41
53
39
43
53
41
54
41
54
41
55
40
52
39
59
40
148
41
53
42
54
42
40
54
40
54
41
53
39
55
40
53
42
56
41
55
41
54
40
41
40
39
54
42
51
42
53
40
54
41
53
40
53
41
54
40
54
39
41
53
41
54
41
54
41
52
40
53
42
54
40
53
190
107
42
53
41
40
54
41
54
41
52
40
54
41
54
41
52
39
52
40
53
42
54
41
41
54
40
53
41
53
39
53
41
61
40
57
39
60
41
60
41
40
40
44
58
40
58
40
59
40
60
40
59
41
57
43
60
42
59
39
42
61
39
61
42
59
40
58
42
58
39
59
42
57
42
62
41
60
42
39
57
42
60
40
58
40
58
40
57
46
61
39
57
42
60
41
60
40
41
56
41
58
42
58
41
58
41
61
39
58
40
58
41
58
42
43
41
41
59
41
58
40
59
42
58
42
59
41
60
39
59
38
56
41
39
58
42
57
41
327
40
55
51
54
42
72
44
52
39
59
64
75
318
54
52
46
56
39
53
39
53
42
54
41
54
53
56
61
81
64
54
41
40
54
143
91
41
58
42
59
41
60
42
59
40
58
41
60
39
40
40
40
60
40
58
42
60
40
56
40
62
38
59
137
60
103
184
292
447
60
40
59
40
58
39
61
39
58
40
58
43
58
40
61
41
59
40
41
59
40
59
40
61
41
59
132
58
42
58
43
60
41
59
252
113
203
254
60
40
60
41
60
41
59
39
58
40
59
39
58
41
57
41
42
41
41
56
39
60
42
55
42
56
42
56
43
58
41
56
41
56
46
41
57
41
55
40
57
42
54
41
60
41
57
41
54
40
54
43
55
42
41
57
40
56
40
57
40
56
40
57
39
57
41
53
44
58
40
56
40
39
55
78
55
40
53
39
56
37
54
40
57
39
53
41
56
39
39
44
39
52
41
55
41
53
42
52
43
52
40
55
41
53
39
52
42
40
56
42
54
40
55
42
54
39
54
47
77
41
58
62
93
47
56
41
41
59
50
65
41
71
55
55
65
63
50
56
78
70
41
55
41
55
42
43
59
42
53
46
73
42
53
44
53
41
59
46
55
44
56
40
43
39
42
55
58
69
41
59
43
61
41
58
42
56
38
62
53
60
61
73
69
65
83
54
64
59
67
44
53
38
54
41
53
42
54
40
57
40
40
56
41
58
39
55
39
55
38
55
41
54
40
56
40
53
40
57
40
42
58
41
57
40
55
40
57
40
57
41
55
40
57
42
56
40
39
38
40
55
38
58
40
56
42
53
43
51
43
53
197
51
107
171
179
172
53
40
50
39
54
41
52
39
54
40
53
40
53
41
54
40
54
41
39
52
41
51
41
55
41
61
66
78
48
51
44
52
41
52
41
54
42
38
53
41
54
41
50
40
52
41
51
40
52
41
50
41
237
40
72
182
96
228
1199
315
40
57
41
56
41
59
42
57
40
56
42
57
41
41
57
41
57
41
57
41
56
39
57
43
56
41
55
40
57
39
57
42
42
55
182
56
118
175
165
323
458
57
42
59
42
54
41
55
40
55
40
41
55
41
55
39
56
43
54
39
54
41
55
39
53
39
56
42
41
40
40
54
39
58
39
55
39
56
39
53
41
53
40
51
43
51
39
43
52
40
52
39
52
39
52
39
53
41
53
40
54
41
55
41
53
40
42
68
66
323
40
52
39
53
39
51
41
53
44
53
39
52
41
54
40
41
52
39
54
43
55
39
52
41
52
42
53
41
50
42
52
41
42
41
41
52
40
52
41
51
41
52
43
51
39
52
41
52
40
52
40
40
51
43
54
42
53
51
56
56
55
39
53
40
54
39
51
39
52
41
40
54
41
50
40
54
40
52
41
51
41
54
46
52
42
52
40
53
41
40
52
41
52
42
51
42
53
38
54
42
52
41
52
39
182
92
162
40
41
55
44
58
42
57
41
56
41
57
41
55
41
58
42
56
39
42
57
42
56
40
56
41
58
42
57
39
57
40
55
41
55
39
57
42
41
57
40
57
108
57
40
57
38
55
41
55
42
55
40
56
40
56
39
41
56
42
56
41
57
42
58
42
56
41
57
40
57
41
57
39
44
41
39
56
41
56
177
55
99
177
256
487
483
243
40
57
42
52
41
38
57
40
55
41
54
40
55
42
66
52
55
40
64
57
60
52
61
42
46
70
51
71
41
58
50
69
43
57
48
64
52
66
42
57
42
60
54
53
69
44
58
38
57
41
58
40
58
39
54
41
57
40
55
39
38
41
62
72
41
55
40
56
42
60
43
55
40
57
41
56
39
228
274
228
592
1029
649
44
58
48
54
39
57
39
55
41
56
45
57
41
55
43
41
56
39
63
41
56
43
61
42
55
69
55
44
59
40
55
52
89
74
63
87
43
81
333
61
49
69
62
81
42
83
57
86
67
87
61
72
57
58
380
61
83
63
80
42
59
39
59
42
59
40
58
41
60
41
40
58
40
59
42
56
39
59
43
59
45
60
41
59
42
58
40
56
43
40
59
39
182
40
98
195
248
455
519
85
53
39
53
40
52
41
51
41
40
51
39
51
41
52
40
50
39
52
40
56
40
53
40
52
40
41
39
44
53
40
53
38
51
40
55
39
52
41
53
39
52
40
53
41
39
52
42
52
41
52
42
51
41
52
40
50
40
50
40
54
41
52
41
38
54
129
51
39
53
42
52
40
51
40
52
38
51
43
56
41
52
48
52
58
42
54
41
54
41
57
42
52
39
55
41
51
43
52
41
40
40
40
53
41
52
40
50
41
54
40
50
41
53
41
54
41
55
41
38
55
41
62
40
53
41
54
41
52
40
51
42
53
53
108
59
55
41
49
56
62
110
42
75
40
62
66
59
55
66
54
69
44
65
83
69
56
52
124
70
63
85
69
60
77
64
55
58
67
68
65
43
69
67
41
47
54
135
49
70
77
73
47
70
53
73
94
71
58
78
65
100
103
43
58
42
60
53
71
51
59
52
56
54
70
52
72
52
59
51
66
54
68
57
39
54
41
57
41
54
38
56
40
55
39
55
42
67
52
57
41
50
60
47
60
56
70
50
59
54
58
50
69
42
71
52
69
55
53
54
54
60
53
70
53
60
52
71
51
58
53
69
51
70
51
71
51
54
69
55
67
51
68
54
57
52
58
50
59
52
68
41
57
51
57
53
54
68
52
57
52
69
52
59
49
59
52
70
48
59
52
67
53
69
51
45
67
52
69
52
70
44
68
52
69
54
67
53
67
54
69
51
42
55
51
70
52
69
52
59
51
66
54
66
52
68
51
55
55
66
55
42
61
55
60
41
54
41
55
48
67
53
55
44
65
56
65
55
54
39
38
53
39
55
40
52
40
53
42
54
42
53
40
54
39
53
40
53
41
41
54
41
54
40
54
39
52
40
57
39
54
42
54
39
55
41
40
39
39
53
38
53
40
55
40
56
42
54
41
52
40
54
41
55
40
39
58
38
59
41
59
40
59
41
59
42
60
40
318
41
99
195
234
395
474
542
539
594
89
57
43
57
39
55
40
55
42
53
42
55
42
56
41
41
55
40
57
42
56
40
55
42
57
40
55
43
58
41
54
45
40
42
41
54
41
54
40
56
41
53
42
54
38
53
75
54
42
53
40
40
55
40
55
40
54
41
54
41
51
40
54
40
52
41
52
38
52
42
47
61
39
65
46
60
41
55
45
60
46
94
58
69
47
57
48
61
45
68
60
41
58
53
59
41
62
53
59
42
58
42
59
42
59
41
40
44
40
61
41
59
41
56
40
56
40
56
41
178
44
90
157
56
42
41
56
43
58
42
58
40
59
42
56
39
57
40
56
40
57
41
57
40
40
57
41
57
41
56
42
58
42
68
45
57
41
57
41
56
41
59
42
41
60
40
59
41
57
39
57
42
57
48
58
41
55
40
57
212
94
214
38
56
41
56
40
56
39
59
41
57
41
55
40
58
39
56
40
40
56
38
56
42
58
41
55
38
62
40
55
42
55
41
57
40
58
43
40
57
40
60
39
56
41
55
41
56
39
66
40
57
41
56
41
58
38
41
78
42
55
42
54
40
54
41
53
39
55
48
55
44
53
40
40
40
41
55
39
54
40
55
41
52
40
54
40
55
41
67
41
53
42
41
52
39
52
42
51
40
61
40
54
39
56
40
55
40
52
42
54
41
41
54
45
131
41
59
40
59
43
58
43
59
39
61
41
59
41
77
40
41
57
41
58
40
59
42
57
40
60
40
58
39
56
38
57
40
39
42
41
60
41
60
41
58
41
61
40
59
42
57
39
58
39
59
40
41
61
42
79
42
59
41
61
39
59
39
59
41
60
41
60
41
59
42
41
68
42
58
39
60
40
57
43
57
41
59
41
59
40
56
113
57
40
38
58
40
58
41
53
40
55
40
53
40
55
39
54
53
56
39
41
41
134
53
41
54
39
53
40
54
41
55
41
53
41
54
39
54
40
42
52
41
53
40
52
42
52
40
53
40
52
40
53
41
52
40
53
41
41
54
40
54
41
53
40
52
42
54
39
53
40
53
40
51
39
51
40
40
54
41
54
41
51
41
54
40
51
40
53
40
52
41
52
43
39
42
40
53
42
51
41
52
42
52
55
53
40
53
39
54
39
54
42
40
50
43
52
40
54
38
51
40
54
41
53
41
54
41
52
41
53
40
41
53
40
55
40
54
39
54
40
53
42
54
40
54
41
53
42
54
41
42
54
41
51
43
52
40
52
40
53
40
54
40
53
41
53
41
41
40
41
54
42
53
40
53
39
55
39
53
41
53
40
53
42
54
39
38
55
39
51
40
53
42
54
41
52
40
52
41
55
44
57
41
54
42
40
53
40
54
41
53
41
53
42
53
41
53
39
60
42
59
41
59
43
44
58
40
58
42
60
54
61
41
58
41
60
63
60
40
60
42
42
41
50
59
45
59
43
57
42
59
42
62
55
60
45
62
43
62
42
40
62
47
58
43
60
43
59
40
60
42
57
41
58
43
56
48
57
42
42
56
41
59
39
76
41
58
41
59
40
61
43
58
41
72
43
58
40
40
60
41
57
43
56
39
55
41
55
38
56
42
55
42
56
39
40
38
40
57
42
55
40
57
41
57
40
142
40
58
40
57
42
56
41
40
57
39
55
41
56
40
56
41
56
40
57
39
58
40
61
41
54
39
42
59
41
56
40
58
41
56
40
58
41
55
43
57
40
57
40
58
41
42
58
40
57
39
57
40
60
39
58
40
57
39
58
41
59
40
41
41
41
59
41
60
40
58
41
59
41
58
41
53
41
54
40
55
41
40
53
38
54
40
59
40
51
41
55
41
52
42
54
39
54
41
52
41
41
55
40
54
41
53
39
54
40
56
41
53
40
53
40
55
41
53
40
39
54
39
53
41
53
40
53
39
54
42
52
40
54
42
54
41
40
42
42
53
40
58
38
58
41
58
42
57
39
56
40
56
39
56
38
40
56
40
57
38
56
40
57
40
57
40
56
41
56
41
57
39
55
40
40
57
40
56
42
58
39
56
38
56
39
56
40
57
39
57
41
57
40
40
58
39
56
40
62
41
63
40
57
40
60
40
58
41
56
40
39
40
40
57
40
57
42
57
40
54
42
57
165
57
70
199
40
58
39
41
59
40
58
39
59
41
58
40
60
40
59
42
57
40
57
41
58
41
39
59
43
58
41
58
39
61
39
61
38
60
42
57
40
57
40
57
40
41
57
42
57
47
211
45
55
41
49
41
54
43
54
40
51
41
40
40
39
56
40
51
40
53
40
52
41
52
39
52
39
53
41
53
38
39
53
39
53
41
51
40
53
40
50
41
56
39
52
41
51
43
54
42
40
51
41
53
41
52
40
51
41
52
40
52
41
54
40
53
40
54
39
41
51
41
51
40
52
40
54
41
53
40
53
38
53
40
53
41
41
42
40
52
40
52
40
49
42
53
41
54
41
59
40
60
41
53
39
43
54
44
52
42
52
42
53
38
54
43
58
40
59
41
57
40
61
39
41
57
44
60
41
60
47
88
59
58
51
68
42
77
47
59
40
60
42
40
59
40
59
42
53
40
53
42
54
40
61
42
53
40
53
48
39
168
43
53
108
178
214
390
268
53
41
53
41
53
40
52
41
53
41
40
53
40
52
40
52
42
53
39
52
45
64
48
52
40
52
41
51
40
41
53
45
52
53
52
41
53
39
51
41
53
44
52
42
54
44
52
41
40
51
39
54
41
54
40
54
42
55
40
52
40
55
41
54
44
38
38
39
57
42
55
44
57
41
75
40
84
48
62
44
83
57
88
89
44
66
52
69
53
68
53
89
50
75
64
71
54
67
62
127
56
66
47
52
60
43
63
40
60
40
60
41
59
42
59
39
60
42
58
41
58
42
43
58
41
66
40
64
50
62
40
59
51
74
61
96
54
61
51
53
44
53
89
45
59
40
58
39
58
40
60
40
59
99
65
42
58
52
44
72
51
71
41
60
51
60
43
59
42
58
42
177
39
59
114
179
94
39
58
40
60
39
58
43
57
40
58
40
60
40
57
42
58
41
57
39
42
58
40
58
41
62
43
59
40
58
42
57
40
59
39
58
41
41
41
40
59
40
59
40
59
38
58
40
59
42
58
40
59
42
59
41
39
64
40
60
39
59
42
