180 2
56 1
43 1
111 2
54 1
53 1
41 1
53 1
51 1
74 1
39 1
54 1
56 1
58 1
56 1
211 4
56 1
95 2
55 1
286 2
127 1
346 4
200 3
139 2
115 2
57 1
41 1
115 2
57 1
57 1
41 1
57 1
57 1
147 3
56 1
115 2
40 1
54 1
56 1
188 1
58 1
36 1
131 1
164 1
215 2
59 1
58 1
64 1
58 1
99 2
60 1
59 1
40 1
42 1
61 1
74 1
216 4
117 2
39 1
57 1
59 1
59 1
101 2
58 1
60 1
59 1
99 2
63 1
60 1
60 1
42 1
57 1
61 1
60 1
39 1
116 2
120 2
96 2
59 1
58 1
142 3
59 1
77 1
99 2
57 1
115 2
41 1
123 2
100 2
58 1
58 1
57 1
59 1
41 1
58 1
59 1
117 2
40 1
61 1
58 1
221 4
60 1
59 1
38 1
116 2
58 1
39 1
41 1
59 1
108 2
41 1
53 1
54 1
113 2
41 1
52 1
53 1
54 1
207 4
55 1
95 2
53 1
54 1
55 1
148 3
55 1
39 1
104 2
53 1
54 1
41 1
57 1
153 1
133 1
147 1
200 1
108 2
149 3
54 1
107 2
93 2
54 1
53 1
40 1
56 1
55 1
52 1
54 1
104 2
71 1
71 1
70 1
129 2
55 1
99 2
54 1
56 1
110 2
155 3
55 1
40 1
150 3
54 1
41 1
55 1
55 1
114 2
39 1
57 1
114 2
41 1
57 1
110 2
95 2
113 2
111 2
40 1
56 1
149 3
55 1
109 2
56 1
97 2
56 1
55 1
83 2
57 1
56 1
97 2
55 1
56 1
112 2
55 1
75 1
71 1
97 2
55 1
55 1
111 2
43 1
108 2
52 1
96 2
55 1
52 1
93 2
54 1
104 2
52 1
42 1
106 2
54 1
40 1
41 1
54 1
189 1
52 1
357 2
255 1
123 1
52 1
152 3
50 1
144 3
104 2
40 1
107 2
106 2
39 1
57 1
55 1
55 1
144 3
58 1
66 1
44 1
56 1
54 1
55 1
80 2
104 2
52 1
91 2
160 3
94 2
55 1
93 2
53 1
106 2
52 1
42 1
53 1
113 2
92 2
55 1
55 1
57 1
42 1
55 1
110 2
56 1
42 1
361 7
53 1
40 1
54 1
55 1
57 1
57 1
95 2
54 1
149 3
54 1
54 1
53 1
95 2
108 2
53 1
38 1
107 2
52 1
41 1
55 1
53 1
53 1
152 3
107 2
42 1
44 1
55 1
53 1
93 2
54 1
108 2
55 1
40 1
54 1
106 2
52 1
69 1
56 1
55 1
54 1
44 1
132 2
55 1
61 1
120 2
68 1
66 1
42 1
54 1
54 1
53 1
55 1
96 2
57 1
96 2
95 2
56 1
56 1
97 2
55 1
56 1
55 1
41 1
56 1
209 4
110 2
101 2
56 1
207 2
101 2
237 4
81 1
61 1
75 1
91 1
66 1
85 1
57 1
60 1
40 1
96 2
55 1
55 1
94 2
113 2
55 1
40 1
55 1
112 2
95 2
58 1
56 1
56 1
40 1
56 1
110 2
93 2
54 1
57 1
58 1
42 1
55 1
57 1
115 2
41 1
56 1
56 1
57 1
48 1
302 6
175 3
41 1
176 3
43 1
60 1
218 4
58 1
57 1
59 1
99 2
281 5
117 2
59 1
213 2
60 1
59 1
143 1
120 1
181 1
372 1
374 1
126 2
55 1
56 1
55 1
43 1
331 4
190 3
56 1
49 1
69 1
131 2
97 2
56 1
54 1
54 1
207 4
54 1
41 1
57 1
55 1
197 4
118 2
41 1
57 1
58 1
59 1
100 2
58 1
60 1
283 5
57 1
98 2
60 1
60 1
65 1
41 1
58 1
60 1
58 1
41 1
60 1
116 2
175 3
59 1
99 2
46 1
194 3
98 2
60 1
60 1
59 1
40 1
58 1
58 1
60 1
42 1
173 3
60 1
42 1
56 1
58 1
74 1
58 1
41 1
179 3
40 1
59 1
56 1
78 1
60 1
39 1
120 2
58 1
173 1
40 1
153 2
224 1
224 1
358 1
479 1
404 3
189 1
69 1
56 1
43 1
126 1
66 1
117 1
607 6
271 4
128 1
82 1
83 1
57 1
55 1
92 1
212 3
42 1
57 1
107 1
120 2
42 1
148 2
170 2
71 1
132 1
60 1
94 2
54 1
71 1
137 2
43 1
214 3
67 1
56 1
93 1
61 1
60 1
47 1
181 3
57 1
46 1
133 2
69 1
55 1
54 1
127 2
69 1
43 1
76 1
61 1
113 2
48 1
59 1
114 2
46 1
55 1
130 2
59 1
43 1
61 1
59 1
238 4
58 1
57 1
45 1
66 1
115 2
63 1
57 1
251 4
44 1
58 1
59 1
58 1
330 5
56 1
71 1
135 1
123 2
65 1
86 1
136 2
44 1
59 1
59 1
75 1
69 1
96 2
57 1
112 2
57 1
143 2
95 2
57 1
56 1
95 2
44 1
56 1
56 1
56 1
95 2
55 1
56 1
56 1
39 1
68 1
381 2
41 1
56 1
111 2
96 2
112 2
212 4
115 2
41 1
109 2
115 2
40 1
54 1
108 2
41 1
41 1
56 1
112 2
40 1
58 1
55 1
57 1
95 2
56 1
55 1
56 1
43 1
55 1
56 1
56 1
56 1
96 2
113 2
54 1
151 3
97 2
55 1
55 1
114 2
43 1
117 2
137 3
56 1
55 1
57 1
97 2
55 1
56 1
93 2
56 1
114 2
39 1
110 2
56 1
55 1
97 2
54 1
57 1
96 2
57 1
56 1
53 1
40 1
55 1
56 1
57 1
54 1
40 1
56 1
56 1
134 3
56 1
56 1
58 1
40 1
113 2
57 1
151 3
58 1
55 1
40 1
164 3
56 1
209 4
54 1
40 1
215 3
147 2
170 3
40 1
55 1
58 1
57 1
41 1
40 1
56 1
113 2
208 4
97 2
56 1
152 3
57 1
166 3
41 1
55 1
54 1
54 1
55 1
43 1
56 1
56 1
99 2
56 1
54 1
56 1
56 1
40 1
54 1
54 1
55 1
44 1
93 2
53 1
52 1
40 1
108 2
109 2
93 2
53 1
53 1
147 3
108 2
41 1
52 1
52 1
55 1
55 1
40 1
53 1
62 1
53 1
41 1
53 1
106 2
54 1
98 2
53 1
134 3
110 2
55 1
40 1
54 1
52 1
54 1
52 1
41 1
57 1
109 2
40 1
106 2
55 1
55 1
51 1
155 2
52 1
148 3
51 1
55 1
42 1
157 3
53 1
40 1
56 1
107 2
42 1
93 2
60 1
53 1
204 4
54 1
95 2
120 2
92 2
52 1
145 3
54 1
322 2
154 3
53 1
94 2
107 2
107 2
95 2
55 1
53 1
104 2
105 2
52 1
146 3
54 1
59 1
141 2
115 1
230 3
162 1
219 2
40 1
56 1
113 2
55 1
39 1
56 1
112 2
40 1
117 2
56 1
56 1
39 1
56 1
55 1
94 2
41 1
55 1
268 5
56 1
56 1
98 2
128 2
39 1
135 2
113 2
105 2
70 1
67 1
58 1
42 1
188 3
56 1
137 2
179 3
126 2
242 4
179 3
60 1
205 3
128 2
66 1
66 1
52 1
70 1
130 2
59 1
98 2
63 1
58 1
57 1
42 1
137 2
67 1
60 1
83 1
77 1
68 1
109 2
59 1
64 1
107 2
118 2
162 3
122 2
125 2
54 1
64 1
57 1
53 1
104 2
54 1
66 1
111 2
65 1
54 1
54 1
55 1
55 1
68 1
67 1
60 1
172 3
55 1
54 1
43 1
180 3
54 1
120 2
68 1
65 1
109 2
55 1
302 5
99 2
117 2
133 2
54 1
67 1
68 1
63 1
254 4
68 1
120 2
121 2
180 3
58 1
66 1
243 4
56 1
54 1
55 1
66 1
135 2
54 1
67 1
178 3
69 1
136 2
65 1
52 1
70 1
253 4
57 1
70 1
66 1
52 1
69 1
68 1
187 3
70 1
61 1
123 2
53 1
56 1
137 2
109 2
57 1
109 2
41 1
54 1
55 1
54 1
101 2
111 2
57 1
42 1
57 1
55 1
57 1
54 1
40 1
55 1
134 2
41 1
110 2
133 2
53 1
115 2
70 1
55 1
212 2
67 1
58 1
47 1
68 1
58 1
66 1
111 2
68 1
135 2
55 1
62 1
77 1
73 1
69 1
273 5
40 1
57 1
60 1
59 1
101 2
59 1
59 1
157 3
58 1
60 1
42 1
160 3
58 1
40 1
56 1
61 1
362 2
204 1
121 2
60 1
40 1
60 1
62 1
58 1
59 1
96 2
60 1
60 1
57 1
100 2
57 1
57 1
41 1
61 1
58 1
159 3
58 1
59 1
99 2
99 2
176 1
57 1
80 1
225 1
99 1
324 5
99 2
57 1
116 2
57 1
41 1
57 1
55 1
55 1
94 2
109 2
210 4
56 1
55 1
41 1
56 1
56 1
192 4
56 1
205 1
39 1
125 1
163 1
162 1
95 2
166 3
41 1
111 2
55 1
58 1
40 1
58 1
55 1
111 2
120 1
141 2
114 1
238 2
209 2
143 1
71 1
219 2
215 2
89 1
68 1
70 1
70 1
229 2
116 2
197 2
63 1
56 1
77 1
174 2
132 2
164 2
186 2
124 1
67 1
42 1
111 2
109 1
113 1
57 1
126 2
72 1
58 1
51 1
52 1
93 2
41 1
53 1
107 2
39 1
159 3
53 1
39 1
106 2
95 2
52 1
51 1
145 3
159 3
51 1
40 1
50 1
106 2
42 1
54 1
159 3
41 1
108 2
95 2
44 1
52 1
53 1
52 1
41 1
52 1
50 1
58 1
58 1
156 3
57 1
42 1
57 1
57 1
58 1
58 1
41 1
57 1
167 3
97 2
56 1
56 1
207 4
57 1
39 1
57 1
113 2
43 1
39 1
52 1
54 1
52 1
40 1
54 1
52 1
149 3
54 1
54 1
54 1
40 1
53 1
108 2
53 1
93 2
157 3
95 2
53 1
52 1
52 1
122 2
53 1
54 1
38 1
53 1
110 2
41 1
97 2
55 1
53 1
95 2
53 1
54 1
94 2
106 2
54 1
149 3
108 2
41 1
108 2
52 1
94 2
53 1
54 1
94 2
53 1
203 4
52 1
54 1
97 2
39 1
55 1
147 3
109 2
54 1
52 1
95 2
53 1
53 1
41 1
54 1
52 1
54 1
53 1
262 2
498 4
267 1
428 1
683 3
58 1
55 1
96 2
112 2
56 1
79 2
56 1
113 2
41 1
56 1
56 1
53 1
56 1
41 1
56 1
55 1
154 1
229 3
162 1
57 1
40 1
112 2
112 2
154 3
57 1
42 1
54 1
57 1
57 1
57 1
44 1
112 2
58 1
139 3
154 3
56 1
57 1
57 1
57 1
40 1
54 1
54 1
154 3
55 1
56 1
57 1
41 1
56 1
110 2
55 1
42 1
58 1
56 1
56 1
153 3
111 2
40 1
56 1
112 2
44 1
40 1
56 1
112 2
95 2
56 1
111 2
42 1
115 2
56 1
153 3
55 1
56 1
41 1
112 2
205 4
56 1
53 1
40 1
57 1
55 1
140 2
39 1
58 1
66 1
161 3
221 2
60 1
54 1
68 1
68 1
199 3
136 2
68 1
53 1
67 1
69 1
69 1
54 1
42 1
55 1
113 2
55 1
43 1
110 2
56 1
40 1
53 1
54 1
56 1
200 1
42 1
58 1
152 3
41 1
55 1
56 1
54 1
150 3
55 1
101 2
55 1
111 2
40 1
57 1
114 2
57 1
95 2
57 1
57 1
57 1
40 1
58 1
57 1
98 2
52 1
156 3
39 1
105 2
52 1
42 1
40 1
158 3
40 1
54 1
53 1
144 3
53 1
51 1
53 1
93 2
52 1
54 1
52 1
41 1
53 1
106 2
52 1
43 1
106 2
53 1
92 2
156 3
41 1
52 1
50 1
52 1
40 1
41 1
56 1
51 1
197 4
53 1
51 1
42 1
52 1
53 1
52 1
42 1
53 1
53 1
103 2
41 1
105 2
109 2
41 1
228 1
199 1
182 1
358 1
518 1
566 1
645 1
632 1
605 1
666 1
100 1
53 1
41 1
41 1
52 1
50 1
51 1
93 2
105 2
52 1
41 1
52 1
54 1
53 1
93 2
105 2
55 1
40 1
52 1
52 1
106 2
195 4
41 1
53 1
55 1
106 2
41 1
167 3
83 2
120 2
59 1
40 1
59 1
58 1
59 1
59 1
38 1
61 1
58 1
59 1
40 1
58 1
60 1
59 1
218 4
118 2
39 1
57 1
59 1
59 1
40 1
59 1
60 1
157 3
57 1
57 1
57 1
39 1
160 3
58 1
42 1
59 1
56 1
159 3
57 1
61 1
102 2
61 1
117 2
59 1
40 1
275 5
116 2
101 2
61 1
58 1
59 1
146 3
140 3
41 1
54 1
50 1
91 2
53 1
54 1
106 2
40 1
105 2
52 1
40 1
53 1
51 1
54 1
53 1
41 1
54 1
53 1
53 1
144 3
105 2
40 1
54 1
54 1
51 1
92 2
53 1
106 2
41 1
200 4
41 1
105 2
52 1
52 1
40 1
51 1
105 2
43 1
155 3
49 1
39 1
158 3
52 1
143 3
52 1
253 5
39 1
103 2
133 3
53 1
197 4
102 2
77 1
39 1
53 1
106 2
40 1
210 4
38 1
51 1
54 1
105 2
40 1
161 3
39 1
53 1
54 1
52 1
53 1
38 1
51 1
112 2
39 1
41 1
111 2
97 2
56 1
56 1
56 1
97 2
111 2
95 2
55 1
55 1
56 1
55 1
95 2
57 1
111 1
59 1
40 1
59 1
214 4
58 1
60 1
59 1
161 3
59 1
41 1
39 1
59 1
57 1
60 1
41 1
117 2
59 1
57 1
40 1
58 1
57 1
59 1
41 1
116 2
57 1
98 2
58 1
60 1
58 1
59 1
53 1
204 3
42 1
58 1
58 1
115 2
41 1
116 2
60 1
81 2
119 2
97 2
58 1
117 2
55 1
40 1
57 1
56 1
97 2
112 2
57 1
57 1
149 3
54 1
96 2
79 1
57 1
56 1
101 2
118 1
59 1
102 1
58 1
64 1
109 1
234 3
67 1
69 1
129 1
65 1
69 1
72 1
90 1
91 1
76 1
122 2
86 1
41 1
239 3
79 1
136 2
124 2
78 1
64 1
80 1
81 1
103 2
371 4
162 2
60 1
59 1
52 1
64 1
90 1
64 1
91 1
42 1
55 1
57 1
56 1
100 2
115 2
57 1
41 1
58 1
56 1
59 1
59 1
44 1
230 4
100 2
153 3
56 1
56 1
115 2
97 2
58 1
56 1
41 1
249 5
226 4
97 2
55 1
56 1
42 1
115 2
113 2
40 1
58 1
59 1
55 1
56 1
97 2
112 2
96 2
55 1
58 1
56 1
41 1
56 1
114 2
40 1
40 1
58 1
57 1
97 2
80 1
55 1
55 1
155 3
111 2
96 2
56 1
113 2
95 2
55 1
58 1
57 1
39 1
56 1
157 3
227 4
40 1
115 2
55 1
41 1
40 1
56 1
56 1
52 1
41 1
159 3
54 1
95 2
54 1
96 2
162 3
55 1
92 2
58 1
123 2
41 1
53 1
107 2
41 1
55 1
53 1
53 1
96 2
54 1
54 1
53 1
40 1
92 2
52 1
94 2
54 1
56 1
150 3
52 1
52 1
53 1
41 1
54 1
53 1
52 1
55 1
40 1
52 1
53 1
54 1
54 1
96 2
55 1
53 1
41 1
162 3
53 1
41 1
55 1
53 1
53 1
41 1
39 1
56 1
53 1
53 1
39 1
108 2
106 2
218 2
146 3
54 1
160 3
41 1
52 1
54 1
55 1
54 1
146 3
54 1
93 2
52 1
54 1
95 2
54 1
56 1
136 3
54 1
53 1
54 1
38 1
59 1
159 3
39 1
54 1
51 1
52 1
95 2
52 1
53 1
54 1
92 2
103 2
53 1
42 1
106 2
52 1
42 1
52 1
53 1
51 1
52 1
40 1
53 1
51 1
53 1
79 2
51 1
325 6
53 1
42 1
51 1
51 1
51 1
40 1
53 1
52 1
50 1
53 1
40 1
52 1
104 2
93 2
51 1
54 1
53 1
40 1
159 3
51 1
43 1
53 1
52 1
53 1
40 1
42 1
52 1
104 2
41 1
105 2
103 2
41 1
107 2
54 1
40 1
299 2
132 2
41 1
54 1
196 4
52 1
54 1
52 1
93 2
104 2
54 1
40 1
52 1
53 1
93 2
40 1
52 1
49 1
53 1
40 1
54 1
106 2
50 1
151 3
94 2
52 1
250 5
54 1
54 1
147 3
52 1
98 2
55 1
160 3
39 1
53 1
54 1
54 1
78 2
53 1
53 1
53 1
39 1
54 1
52 1
51 1
52 1
42 1
55 1
54 1
54 1
199 4
52 1
42 1
121 2
114 2
44 1
134 2
95 2
54 1
55 1
108 2
94 2
53 1
93 2
42 1
54 1
106 2
39 1
54 1
54 1
57 1
65 1
41 1
55 1
54 1
54 1
93 2
159 3
251 5
95 2
56 1
93 2
103 2
55 1
144 3
103 2
41 1
95 2
50 1
94 2
104 2
53 1
95 2
53 1
52 1
51 1
41 1
52 1
157 3
40 1
52 1
53 1
53 1
53 1
94 2
106 2
41 1
105 2
52 1
53 1
39 1
53 1
100 1
96 2
41 1
105 2
92 2
53 1
52 1
105 2
40 1
53 1
51 1
52 1
141 3
51 1
54 1
198 4
53 1
39 1
51 1
52 1
53 1
41 1
254 5
106 2
52 1
39 1
93 2
54 1
92 2
53 1
52 1
56 1
56 1
40 1
58 1
57 1
56 1
39 1
57 1
56 1
56 1
98 2
58 1
172 3
40 1
57 1
57 1
56 1
98 2
55 1
57 1
57 1
96 2
151 3
43 1
55 1
114 2
39 1
56 1
58 1
58 1
57 1
42 1
57 1
54 1
56 1
40 1
57 1
57 1
57 1
56 1
98 2
113 2
96 2
113 2
58 1
103 2
57 1
57 1
96 2
56 1
56 1
57 1
38 1
41 1
55 1
114 2
97 2
55 1
56 1
57 1
96 2
153 3
55 1
57 1
254 5
52 1
53 1
94 2
55 1
54 1
39 1
54 1
53 1
53 1
54 1
148 3
54 1
39 1
41 1
160 3
39 1
55 1
54 1
150 3
54 1
53 1
96 2
53 1
107 2
92 2
53 1
106 2
96 2
108 2
55 1
96 2
161 3
93 2
55 1
53 1
41 1
41 1
53 1
53 1
147 3
55 1
53 1
54 1
146 3
53 1
93 2
52 1
147 3
107 2
52 1
53 1
40 1
53 1
54 1
53 1
204 4
54 1
39 1
109 2
53 1
41 1
43 1
108 2
54 1
45 1
54 1
160 3
41 1
53 1
107 2
38 1
53 1
154 2
93 2
105 2
53 1
52 1
42 1
156 3
40 1
53 1
54 1
54 1
54 1
41 1
106 2
94 2
41 1
53 1
201 4
52 1
51 1
146 3
55 1
92 2
157 3
53 1
40 1
52 1
113 2
143 3
50 1
51 1
40 1
107 2
54 1
53 1
95 2
147 3
40 1
108 2
51 1
93 2
54 1
53 1
93 2
52 1
52 1
91 2
53 1
103 2
50 1
149 3
104 2
39 1
105 2
53 1
41 1
52 1
54 1
105 2
41 1
56 1
106 2
79 2
55 1
54 1
92 2
53 1
161 3
40 1
157 3
39 1
52 1
51 1
53 1
60 1
99 2
177 3
40 1
175 3
42 1
58 1
61 1
58 1
98 2
58 1
60 1
58 1
40 1
41 1
58 1
217 4
59 1
118 2
42 1
59 1
59 1
56 1
40 1
58 1
59 1
59 1
58 1
42 1
59 1
58 1
58 1
100 2
60 1
58 1
59 1
41 1
115 2
59 1
59 1
42 1
59 1
58 1
58 1
81 2
59 1
59 1
58 1
40 1
57 1
116 2
58 1
97 2
61 1
72 1
163 3
59 1
57 1
168 3
70 1
64 1
63 1
298 4
63 1
152 2
60 1
51 1
61 1
61 1
56 1
77 1
69 1
66 1
58 1
85 1
53 1
57 1
157 2
67 1
108 2
153 3
70 1
339 3
100 2
60 1
86 1
133 1
53 1
81 1
95 1
111 1
52 1
74 1
132 2
200 2
57 1
151 3
41 1
171 3
40 1
55 1
61 1
56 1
97 2
54 1
113 2
210 4
55 1
39 1
110 2
58 1
55 1
97 2
56 1
265 5
55 1
95 2
153 3
98 2
56 1
56 1
96 2
111 2
96 2
55 1
55 1
55 1
41 1
55 1
55 1
111 2
40 1
55 1
56 1
53 1
152 3
56 1
54 1
41 1
57 1
55 1
55 1
55 1
40 1
56 1
54 1
55 1
38 1
39 1
55 1
56 1
94 2
110 2
56 1
56 1
41 1
56 1
57 1
208 4
56 1
203 4
114 2
40 1
55 1
55 1
282 2
192 1
168 3
41 1
169 3
40 1
40 1
55 1
53 1
54 1
41 1
54 1
55 1
53 1
55 1
40 1
54 1
54 1
51 1
147 3
55 1
100 2
163 3
55 1
41 1
107 2
54 1
42 1
55 1
53 1
53 1
53 1
97 2
56 1
59 1
40 1
39 1
57 1
58 1
56 1
96 2
113 2
155 3
58 1
58 1
41 1
58 1
57 1
56 1
154 3
57 1
57 1
98 2
57 1
55 1
98 2
57 1
56 1
57 1
56 1
96 2
55 1
57 1
85 2
56 1
59 1
59 1
41 1
57 1
112 2
56 1
39 1
57 1
56 1
57 1
42 1
113 2
57 1
58 1
40 1
112 2
56 1
56 1
41 1
115 2
57 1
41 1
57 1
57 1
56 1
57 1
40 1
212 4
98 2
113 2
40 1
55 1
58 1
113 2
38 1
169 3
39 1
56 1
57 1
57 1
117 1
97 2
114 2
56 1
98 2
111 2
41 1
56 1
56 1
55 1
56 1
96 2
57 1
55 1
137 3
59 1
57 1
97 2
57 1
57 1
57 1
95 2
57 1
95 2
58 1
57 1
58 1
57 1
38 1
57 1
57 1
56 1
99 2
56 1
56 1
95 2
57 1
56 1
59 1
56 1
40 1
57 1
58 1
97 2
41 1
57 1
56 1
57 1
40 1
57 1
130 1
165 1
75 1
241 5
103 2
53 1
53 1
40 1
54 1
53 1
52 1
53 1
40 1
53 1
55 1
208 4
55 1
55 1
98 2
154 3
38 1
109 2
55 1
96 2
113 2
56 1
42 1
55 1
113 2
96 2
56 1
56 1
150 2
56 1
56 1
112 2
39 1
115 2
156 3
59 1
54 1
55 1
42 1
55 1
56 1
138 3
55 1
56 1
56 1
40 1
58 1
55 1
55 1
56 1
40 1
54 1
208 4
55 1
55 1
95 2
56 1
57 1
112 2
42 1
55 1
56 1
155 3
168 3
96 2
57 1
55 1
81 2
56 1
54 1
150 3
113 2
55 1
39 1
56 1
55 1
56 1
98 2
112 2
57 1
41 1
57 1
53 1
111 2
98 2
55 1
57 1
42 1
54 1
112 2
264 5
81 2
56 1
57 1
55 1
153 3
115 2
40 1
54 1
56 1
96 2
56 1
140 1
55 1
54 1
39 1
56 1
57 1
56 1
57 1
150 3
62 1
106 2
56 1
114 2
42 1
54 1
112 2
83 2
56 1
111 2
97 2
55 1
56 1
205 4
96 2
111 2
110 2
42 1
57 1
55 1
152 1
153 3
56 1
211 4
112 2
40 1
57 1
113 2
40 1
39 1
114 2
58 1
39 1
57 1
170 3
97 2
58 1
57 1
40 1
114 2
150 3
174 3
153 3
58 1
55 1
41 1
54 1
57 1
56 1
213 4
57 1
41 1
42 1
56 1
57 1
56 1
40 1
110 2
57 1
154 3
58 1
57 1
98 2
55 1
58 1
110 1
44 1
58 1
58 1
61 1
129 2
55 1
55 1
58 1
43 1
62 1
182 2
94 1
50 1
60 1
114 2
412 7
55 1
57 1
97 2
57 1
56 1
130 2
345 1
134 1
56 1
54 1
95 2
57 1
262 5
98 2
56 1
55 1
112 2
41 1
57 1
109 2
79 2
114 2
55 1
41 1
54 1
57 1
56 1
56 1
154 3
55 1
417 8
111 2
95 2
55 1
96 2
110 2
55 1
97 2
58 1
196 4
56 1
341 6
57 1
41 1
109 2
101 2
113 2
57 1
56 1
43 1
55 1
56 1
60 1
57 1
151 3
532 10
41 1
214 4
42 1
57 1
58 1
57 1
54 1
42 1
57 1
113 2
44 1
57 1
57 1
58 1
57 1
42 1
55 1
56 1
54 1
55 1
112 2
63 1
161 3
106 2
54 1
41 1
54 1
55 1
97 2
147 3
53 1
42 1
55 1
165 3
199 4
95 2
55 1
56 1
62 1
92 2
107 2
54 1
41 1
55 1
109 2
146 3
160 3
54 1
56 1
53 1
44 1
48 1
55 1
106 2
39 1
55 1
54 1
53 1
52 1
93 2
54 1
54 1
92 2
107 2
204 4
52 1
53 1
95 2
53 1
53 1
40 1
53 1
54 1
53 1
54 1
41 1
54 1
53 1
54 1
41 1
39 1
52 1
56 1
52 1
40 1
53 1
162 3
40 1
54 1
56 1
55 1
41 1
56 1
115 2
56 1
41 1
57 1
55 1
