108
73
69
62
73
60
62
69
72
54
53
71
57
77
222
65
64
79
53
72
59
66
63
69
55
65
61
76
54
52
75
54
75
58
74
55
85
64
76
62
68
56
73
56
78
50
68
61
61
75
56
66
61
76
56
73
57
85
55
64
70
71
53
65
55
50
52
60
77
53
76
61
68
55
74
53
72
68
84
59
69
62
67
52
48
69
63
87
68
75
60
77
52
69
50
68
59
71
53
80
61
66
52
53
95
55
69
67
74
59
62
64
76
56
66
54
73
61
67
61
69
59
58
76
60
70
57
73
58
64
66
81
58
73
57
83
55
83
69
59
60
58
64
60
63
56
73
58
83
54
64
68
74
73
77
55
83
56
62
62
73
77
69
72
57
84
55
82
58
74
58
80
67
67
71
74
57
65
69
57
66
63
75
56
75
56
64
54
66
56
73
57
63
55
77
60
54
74
64
75
65
84
75
69
80
63
58
82
63
58
58
86
55
47
58
62
81
61
71
59
70
60
72
58
70
70
81
65
65
57
81
63
59
71
58
72
56
75
65
84
56
83
60
79
58
63
69
71
60
84
54
48
79
55
78
60
79
61
68
52
66
62
71
62
76
61
82
63
66
59
59
70
71
79
55
64
54
79
52
78
64
74
65
77
62
80
67
59
64
59
69
63
95
53
79
61
76
53
80
63
76
66
77
66
73
63
48
72
56
74
56
64
59
60
59
82
55
65
56
85
64
80
51
63
57
61
71
60
62
54
70
55
61
61
71
55
96
72
66
57
72
56
64
57
61
86
50
66
58
61
79
94
74
63
70
60
67
77
52
76
63
63
57
54
65
66
82
55
78
61
95
58
66
53
76
60
67
58
75
54
51
78
59
79
76
76
66
71
69
82
63
78
51
78
54
75
55
76
70
52
78
59
63
63
98
61
65
53
77
55
75
57
74
52
74
60
63
67
60
77
58
76
71
62
43
67
51
76
57
64
57
63
56
64
54
49
51
59
78
86
74
55
76
63
77
65
77
63
64
56
75
53
75
66
66
86
56
70
59
75
58
65
65
72
56
76
55
68
82
95
55
80
60
61
65
54
66
74
66
53
65
54
110
64
74
73
77
53
85
66
84
55
50
68
53
67
53
94
55
85
55
68
64
74
87
64
58
70
67
58
68
64
82
56
95
53
68
71
70
64
77
62
70
50
89
62
76
73
58
68
58
81
65
77
56
73
63
79
52
77
54
73
53
78
54
74
64
58
99
49
64
64
67
60
79
51
79
51
79
50
82
48
69
61
70
52
61
66
51
72
59
71
60
77
78
100
56
66
60
73
58
66
56
59
64
65
78
56
85
59
77
66
76
64
64
54
67
60
73
56
80
61
