1)151 ; 1
2)79 ; 1
3)127 ; 2
4)71 ; 1
5)69 ; 1
6)73 ; 1
7)69 ; 1
8)58 ; 1
9)71 ; 1
10)68 ; 1
11)70 ; 1
12)58 ; 1
13)67 ; 1
14)57 ; 1
15)73 ; 1
16)70 ; 1
17)131 ; 2
18)65 ; 1
19)69 ; 1
20)74 ; 1
21)69 ; 1
22)71 ; 1
23)196 ; 3
24)61 ; 1
25)71 ; 1
26)74 ; 1
27)125 ; 2
28)61 ; 1
29)88 ; 1
30)71 ; 1
31)62 ; 1
32)55 ; 1
33)134 ; 2
34)71 ; 1
35)54 ; 1
36)67 ; 1
37)66 ; 1
38)148 ; 2
39)130 ; 2
40)70 ; 1
41)71 ; 1
42)63 ; 1
43)93 ; 1
44)145 ; 2
45)71 ; 1
46)196 ; 3
47)69 ; 1
48)163 ; 2
49)60 ; 1
50)79 ; 1
51)87 ; 1
52)66 ; 1
53)350 ; 5
54)85 ; 1
55)73 ; 1
56)71 ; 1
57)61 ; 1
58)50 ; 1
59)83 ; 1
60)75 ; 1
61)148 ; 2
62)60 ; 1
63)81 ; 1
64)80 ; 1
65)70 ; 1
66)53 ; 1
67)147 ; 2
68)70 ; 1
69)55 ; 1
70)67 ; 1
71)77 ; 1
72)71 ; 1
73)134 ; 2
74)179 ; 1
75)70 ; 1
76)163 ; 2
77)131 ; 2
78)81 ; 1
79)70 ; 1
80)63 ; 1
81)86 ; 1
82)72 ; 1
83)159 ; 2
84)55 ; 1
85)75 ; 1
86)149 ; 2
87)56 ; 1
88)49 ; 1
89)76 ; 1
90)73 ; 1
91)76 ; 1
92)54 ; 1
93)60 ; 1
94)65 ; 1
95)80 ; 1
96)71 ; 1
97)66 ; 1
98)73 ; 1
99)71 ; 1
100)69 ; 1
101)55 ; 1
102)65 ; 1
103)170 ; 2
104)72 ; 1
105)53 ; 1
106)69 ; 1
107)83 ; 1
108)77 ; 1
109)77 ; 1
110)134 ; 2
111)86 ; 1
112)243 ; 3
113)84 ; 1
