127 1
142 2
113 2
121 2
83 1
50 1
62 1
60 1
65 1
65 1
141 2
184 3
72 1
66 1
72 1
67 1
62 1
67 1
79 1
68 1
54 1
77 1
139 2
71 1
57 1
211 3
55 1
116 2
73 1
77 1
258 4
69 1
61 1
70 1
73 1
76 1
207 3
74 1
66 1
59 1
134 2
64 1
66 1
48 1
64 1
65 1
67 1
55 1
129 2
65 1
66 1
47 1
66 1
66 1
65 1
96 2
65 1
63 1
77 1
128 2
133 2
78 1
144 2
74 1
81 1
61 1
79 1
81 1
89 1
72 1
49 1
62 1
136 2
69 1
47 1
69 1
66 1
65 1
184 3
67 1
179 3
66 1
143 2
61 1
78 1
78 1
301 4
71 1
79 1
199 3
70 1
50 1
62 1
213 3
47 1
66 1
130 2
74 1
300 5
139 2
153 2
59 1
71 1
63 1
67 1
47 1
45 1
68 1
70 1
76 1
53 1
67 1
69 1
67 1
70 1
50 1
67 1
65 1
137 2
69 1
77 1
80 1
79 1
120 2
137 2
113 2
67 1
66 1
68 1
48 1
71 1
67 1
248 4
65 1
66 1
46 1
45 1
67 1
65 1
66 1
121 2
69 1
150 2
52 1
156 2
66 1
60 1
67 1
89 1
70 1
212 3
78 1
137 2
57 1
64 1
74 1
66 1
164 3
120 2
109 2
60 1
61 1
47 1
51 1
60 1
130 2
48 1
58 1
61 1
119 2
49 1
61 1
60 1
107 2
119 2
59 1
60 1
111 2
139 2
61 1
173 3
108 2
59 1
243 4
63 1
123 2
52 1
46 1
57 1
60 1
113 2
63 1
57 1
65 1
64 1
52 1
59 1
63 1
68 1
48 1
57 1
62 1
60 1
65 1
45 1
61 1
137 2
61 1
46 1
68 1
71 1
109 2
62 1
67 1
126 2
117 2
125 2
240 4
70 1
235 4
61 1
108 2
58 1
63 1
47 1
63 1
60 1
59 1
109 2
121 2
59 1
62 1
110 2
60 1
107 2
62 1
61 1
60 1
61 1
46 1
62 1
62 1
63 1
48 1
48 1
72 1
71 1
66 1
59 1
64 1
74 1
62 1
60 1
48 1
63 1
64 1
65 1
47 1
63 1
62 1
61 1
61 1
248 4
72 1
56 1
61 1
72 1
77 1
133 2
72 1
75 1
129 2
63 1
151 2
117 2
73 1
149 2
58 1
71 1
81 1
151 2
64 1
324 5
70 1
71 1
71 1
119 2
144 2
66 1
59 1
140 2
129 2
74 1
69 1
67 1
73 1
57 1
82 1
70 1
188 3
138 2
80 1
142 2
77 1
83 1
86 1
52 1
79 1
82 1
80 1
139 2
239 3
144 2
77 1
71 1
138 2
149 2
71 1
51 1
372 5
69 1
66 1
72 1
95 2
67 1
313 5
195 3
68 1
66 1
123 2
66 1
65 1
66 1
69 1
48 1
70 1
66 1
75 1
87 1
62 1
67 1
74 1
140 2
80 1
86 1
80 1
82 1
51 1
88 1
165 2
59 1
59 1
89 1
80 1
69 1
53 1
67 1
72 1
75 1
73 1
51 1
70 1
69 1
122 2
78 1
68 1
84 1
143 2
64 1
213 3
46 1
71 1
70 1
132 2
81 1
80 1
79 1
198 3
67 1
69 1
58 1
57 1
75 1
69 1
70 1
189 3
71 1
72 1
54 1
72 1
73 1
68 1
56 1
145 2
141 2
120 2
68 1
80 1
134 2
205 3
56 1
65 1
141 2
68 1
56 1
76 1
66 1
70 1
59 1
61 1
61 1
72 1
58 1
59 1
59 1
135 2
59 1
55 1
62 1
82 1
71 1
53 1
76 1
70 1
70 1
68 1
121 2
75 1
344 5
127 2
144 2
81 1
74 1
52 1
76 1
69 1
70 1
53 1
49 1
78 1
61 1
65 1
48 1
82 1
65 1
129 2
48 1
66 1
66 1
62 1
114 2
134 2
63 1
45 1
60 1
79 1
71 1
82 1
61 1
81 1
85 1
122 2
66 1
73 1
70 1
114 2
136 2
69 1
121 2
67 1
72 1
68 1
131 2
80 1
206 3
73 1
67 1
128 2
65 1
210 3
56 1
135 2
69 1
70 1
63 1
79 1
67 1
71 1
290 4
78 1
133 2
69 1
173 3
67 1
152 2
53 1
144 2
139 2
133 2
66 1
80 1
59 1
72 1
155 2
150 2
169 2
159 2
53 1
78 1
72 1
79 1
51 1
160 2
86 1
223 3
80 1
183 3
148 2
208 3
151 2
81 1
60 1
87 1
72 1
70 1
62 1
76 1
72 1
70 1
131 2
68 1
71 1
69 1
152 2
79 1
152 2
137 2
70 1
71 1
130 2
69 1
72 1
79 1
53 1
58 1
69 1
81 1
82 1
58 1
79 1
211 3
61 1
78 1
194 3
65 1
210 3
132 2
84 1
76 1
389 5
139 2
71 1
70 1
69 1
52 1
240 3
188 3
70 1
126 2
68 1
82 1
77 1
124 2
70 1
87 1
82 1
58 1
71 1
78 1
153 2
152 2
94 1
72 1
79 1
63 1
67 1
80 1
139 2
92 1
160 2
78 1
63 1
91 1
87 1
80 1
218 3
70 1
73 1
60 1
79 1
88 1
70 1
133 2
86 1
72 1
69 1
131 2
140 2
81 1
61 1
78 1
80 1
79 1
72 1
62 1
88 1
160 2
64 1
144 2
71 1
81 1
65 1
67 1
84 1
134 2
62 1
67 1
69 1
72 1
139 2
78 1
70 1
70 1
58 1
154 2
77 1
55 1
65 1
80 1
82 1
69 1
53 1
68 1
70 1
195 3
60 1
71 1
71 1
129 2
278 4
62 1
195 3
133 2
274 4
217 3
57 1
63 1
69 1
72 1
141 2
70 1
419 6
191 3
150 2
132 2
85 1
81 1
77 1
61 1
86 1
76 1
70 1
64 1
54 1
145 2
70 1
62 1
67 1
70 1
69 1
127 2
66 1
62 1
62 1
177 3
73 1
337 5
199 3
68 1
70 1
352 5
58 1
64 1
65 1
73 1
49 1
191 3
69 1
63 1
65 1
142 2
70 1
133 2
68 1
80 1
110 2
126 2
64 1
47 1
64 1
60 1
63 1
62 1
50 1
128 2
64 1
48 1
63 1
71 1
69 1
70 1
118 2
142 2
192 3
77 1
70 1
132 2
68 1
69 1
70 1
48 1
67 1
67 1
117 2
126 2
62 1
62 1
51 1
74 1
65 1
69 1
61 1
49 1
64 1
204 3
64 1
73 1
78 1
68 1
57 1
64 1
63 1
65 1
171 3
64 1
64 1
50 1
122 2
131 2
47 1
124 2
182 3
64 1
71 1
190 3
72 1
71 1
62 1
50 1
65 1
187 3
64 1
62 1
126 2
50 1
139 2
66 1
230 4
117 2
63 1
65 1
180 3
64 1
63 1
59 1
53 1
59 1
119 2
64 1
48 1
72 1
69 1
63 1
63 1
51 1
72 1
197 3
62 1
59 1
59 1
62 1
46 1
66 1
67 1
134 2
65 1
62 1
71 1
138 2
143 2
71 1
124 2
76 1
69 1
68 1
67 1
63 1
73 1
69 1
75 1
73 1
73 1
70 1
69 1
72 1
55 1
74 1
68 1
72 1
61 1
141 2
69 1
71 1
64 1
145 2
79 1
181 3
71 1
69 1
54 1
206 3
125 2
77 1
137 2
130 2
78 1
142 2
63 1
75 1
74 1
71 1
152 2
76 1
69 1
70 1
63 1
77 1
138 2
126 2
76 1
69 1
70 1
54 1
136 2
140 2
130 2
79 1
141 2
139 2
70 1
69 1
59 1
62 1
71 1
139 2
270 4
71 1
130 2
137 2
123 2
339 5
72 1
184 3
73 1
140 2
55 1
74 1
71 1
78 1
69 1
58 1
65 1
70 1
69 1
57 1
76 1
70 1
69 1
71 1
54 1
176 2
78 1
81 1
160 2
78 1
146 2
91 1
85 1
88 1
78 1
321 4
57 1
133 2
316 4
75 1
84 1
75 1
131 2
69 1
69 1
277 4
128 2
72 1
72 1
72 1
68 1
54 1
146 2
68 1
63 1
137 2
72 1
70 1
52 1
77 1
69 1
186 3
84 1
72 1
66 1
57 1
77 1
68 1
142 2
57 1
143 2
128 2
75 1
70 1
70 1
69 1
54 1
145 2
71 1
71 1
140 2
270 4
68 1
71 1
123 2
293 4
49 1
65 1
70 1
138 2
61 1
78 1
72 1
71 1
119 2
71 1
68 1
55 1
75 1
69 1
140 2
56 1
74 1
216 3
60 1
76 1
66 1
73 1
55 1
75 1
78 1
142 2
54 1
72 1
75 1
69 1
53 1
58 1
78 1
141 2
53 1
147 2
71 1
69 1
55 1
66 1
203 3
68 1
69 1
68 1
137 2
132 2
72 1
70 1
57 1
75 1
137 2
55 1
76 1
71 1
71 1
67 1
56 1
147 2
122 2
51 1
147 2
76 1
57 1
64 1
141 2
134 2
76 1
67 1
82 1
371 5
54 1
154 2
81 1
73 1
63 1
147 2
69 1
52 1
69 1
70 1
81 1
128 2
139 2
72 1
63 1
48 1
79 1
67 1
213 3
185 2
214 3
154 2
58 1
68 1
70 1
82 1
80 1
129 2
81 1
156 2
56 1
68 1
79 1
79 1
51 1
72 1
104 1
83 1
90 1
51 1
69 1
77 1
73 1
65 1
195 3
80 1
73 1
158 2
80 1
79 1
141 2
79 1
78 1
51 1
70 1
79 1
82 1
142 2
63 1
73 1
77 1
71 1
52 1
78 1
149 2
56 1
65 1
90 1
69 1
74 1
59 1
149 2
281 4
80 1
79 1
59 1
80 1
81 1
81 1
76 1
53 1
79 1
81 1
219 3
71 1
77 1
72 1
61 1
79 1
79 1
81 1
310 4
90 1
140 2
148 2
71 1
58 1
354 5
68 1
160 2
62 1
77 1
88 1
71 1
71 1
118 2
153 2
267 4
78 1
130 2
71 1
78 1
73 1
46 1
65 1
66 1
113 2
137 2
72 1
68 1
60 1
60 1
121 2
59 1
119 2
162 2
57 1
75 1
67 1
70 1
69 1
47 1
60 1
83 1
179 3
61 1
79 1
127 2
75 1
77 1
71 1
70 1
47 1
123 2
57 1
50 1
137 2
71 1
127 2
142 2
71 1
53 1
266 4
56 1
134 2
196 3
72 1
143 2
54 1
65 1
70 1
71 1
199 3
71 1
131 2
54 1
63 1
73 1
295 4
73 1
70 1
65 1
67 1
140 2
180 3
71 1
66 1
57 1
65 1
79 1
68 1
73 1
120 2
149 2
55 1
151 2
144 2
55 1
76 1
69 1
140 2
55 1
146 2
62 1
129 2
66 1
65 1
65 1
58 1
74 1
71 1
68 1
56 1
62 1
73 1
69 1
72 1
55 1
63 1
71 1
214 3
279 4
80 1
68 1
64 1
113 2
73 1
69 1
79 1
65 1
58 1
60 1
126 2
49 1
221 3
72 1
124 2
60 1
179 3
67 1
62 1
78 1
56 1
65 1
64 1
70 1
110 2
64 1
66 1
64 1
115 2
76 1
72 1
71 1
120 2
77 1
73 1
69 1
54 1
63 1
71 1
71 1
62 1
77 1
64 1
67 1
192 3
138 2
124 2
175 2
70 1
67 1
222 3
72 1
57 1
71 1
150 2
56 1
66 1
76 1
163 2
134 2
154 2
79 1
57 1
143 2
78 1
132 2
70 1
69 1
70 1
58 1
73 1
68 1
72 1
58 1
48 1
61 1
143 2
56 1
74 1
80 1
69 1
71 1
54 1
146 2
69 1
58 1
63 1
148 2
138 2
71 1
70 1
71 1
71 1
57 1
96 1
63 1
72 1
58 1
129 2
80 1
72 1
59 1
132 2
70 1
56 1
124 2
138 2
58 1
141 2
141 2
68 1
142 2
68 1
62 1
72 1
136 2
129 2
78 1
139 2
199 3
70 1
73 1
64 1
62 1
142 2
123 2
79 1
137 2
116 2
74 1
149 2
59 1
70 1
73 1
140 2
66 1
145 2
68 1
156 2
91 1
75 1
78 1
63 1
61 1
74 1
226 3
255 3
64 1
67 1
69 1
158 2
69 1
283 4
49 1
67 1
73 1
67 1
274 4
80 1
55 1
149 2
68 1
64 1
77 1
79 1
139 2
132 2
69 1
70 1
70 1
53 1
271 4
146 2
72 1
123 2
162 2
73 1
55 1
125 2
69 1
79 1
56 1
76 1
140 2
68 1
132 2
148 2
58 1
144 2
150 2
53 1
222 3
74 1
55 1
234 3
65 1
76 1
140 2
81 1
139 2
71 1
69 1
56 1
58 1
75 1
141 2
55 1
136 2
71 1
68 1
55 1
84 1
70 1
201 3
69 1
79 1
72 1
54 1
80 1
79 1
221 3
81 1
159 2
61 1
74 1
71 1
213 3
81 1
78 1
288 4
83 1
78 1
64 1
67 1
161 2
81 1
60 1
77 1
152 2
382 5
148 2
158 2
71 1
210 3
69 1
53 1
157 2
79 1
71 1
147 2
144 2
61 1
48 1
64 1
71 1
69 1
129 2
72 1
194 3
79 1
192 3
76 1
148 2
128 2
152 2
78 1
76 1
52 1
76 1
79 1
80 1
58 1
135 2
66 1
233 1
56 1
62 1
139 2
58 1
59 1
65 1
71 1
69 1
54 1
144 2
72 1
126 2
73 1
69 1
72 1
57 1
71 1
150 2
71 1
56 1
146 2
68 1
280 4
72 1
54 1
73 1
72 1
278 4
80 1
70 1
62 1
66 1
82 1
409 6
70 1
59 1
268 4
224 3
70 1
55 1
81 1
75 1
72 1
79 1
60 1
150 2
131 2
250 3
80 1
52 1
67 1
80 1
73 1
62 1
61 1
76 1
77 1
273 4
79 1
79 1
51 1
79 1
159 2
123 2
147 2
71 1
52 1
228 3
71 1
50 1
70 1
161 2
62 1
74 1
72 1
71 1
120 2
77 1
213 3
50 1
79 1
88 1
150 2
81 1
79 1
82 1
76 1
52 1
79 1
147 2
61 1
72 1
152 2
73 1
137 2
143 2
70 1
55 1
153 2
71 1
57 1
79 1
72 1
72 1
69 1
57 1
81 1
73 1
70 1
117 2
339 5
72 1
69 1
72 1
122 2
75 1
75 1
57 1
61 1
70 1
479 7
56 1
75 1
205 3
75 1
142 2
66 1
59 1
73 1
69 1
69 1
60 1
58 1
145 2
73 1
66 1
160 2
81 1
73 1
118 2
140 2
56 1
64 1
78 1
80 1
125 2
79 1
141 2
84 1
136 2
79 1
67 1
54 1
77 1
74 1
146 2
52 1
68 1
140 2
51 1
51 1
65 1
73 1
79 1
53 1
77 1
79 1
72 1
132 2
157 2
123 2
78 1
79 1
66 1
82 1
57 1
75 1
72 1
78 1
200 3
411 6
80 1
61 1
76 1
71 1
121 2
62 1
78 1
68 1
69 1
54 1
77 1
79 1
71 1
71 1
53 1
75 1
72 1
350 5
69 1
196 3
74 1
70 1
52 1
465 7
128 2
71 1
70 1
69 1
261 4
69 1
132 2
139 2
71 1
53 1
214 3
56 1
154 2
72 1
71 1
53 1
149 2
77 1
70 1
55 1
71 1
161 2
56 1
77 1
69 1
67 1
128 2
76 1
148 2
59 1
110 2
72 1
126 2
74 1
68 1
142 2
54 1
77 1
78 1
73 1
51 1
146 2
80 1
69 1
212 3
77 1
71 1
132 2
67 1
70 1
57 1
65 1
67 1
74 1
67 1
442 7
71 1
122 2
79 1
70 1
140 2
54 1
145 2
77 1
58 1
155 2
68 1
73 1
56 1
76 1
67 1
77 1
72 1
55 1
78 1
69 1
142 2
76 1
72 1
69 1
71 1
52 1
77 1
140 2
53 1
208 3
68 1
270 4
80 1
54 1
77 1
78 1
76 1
60 1
74 1
353 5
69 1
71 1
68 1
55 1
95 1
85 1
77 1
160 2
79 1
161 2
67 1
61 1
72 1
79 1
140 2
145 2
71 1
69 1
63 1
68 1
81 1
79 1
67 1
89 1
79 1
66 1
57 1
82 1
69 1
218 3
64 1
210 3
58 1
61 1
69 1
72 1
57 1
74 1
66 1
72 1
81 1
200 3
187 3
66 1
67 1
127 2
63 1
147 2
70 1
58 1
64 1
70 1
71 1
129 2
71 1
70 1
125 2
63 1
72 1
68 1
73 1
57 1
150 2
72 1
55 1
83 1
142 2
125 2
132 2
72 1
66 1
203 3
72 1
57 1
74 1
68 1
68 1
74 1
63 1
74 1
72 1
70 1
57 1
145 2
67 1
71 1
57 1
130 2
81 1
73 1
55 1
148 2
64 1
59 1
62 1
71 1
73 1
123 2
83 1
68 1
75 1
125 2
74 1
138 2
129 2
141 2
124 2
158 2
213 3
76 1
140 2
55 1
135 2
71 1
124 2
74 1
74 1
209 3
67 1
141 2
57 1
72 1
141 2
105 2
73 1
72 1
71 1
55 1
63 1
74 1
299 4
70 1
349 5
125 2
75 1
85 1
83 1
73 1
119 2
66 1
82 1
57 1
63 1
68 1
141 2
201 3
71 1
54 1
59 1
76 1
138 2
65 1
80 1
156 2
71 1
54 1
65 1
71 1
69 1
59 1
62 1
275 4
76 1
140 2
77 1
57 1
89 1
84 1
80 1
250 3
73 1
75 1
68 1
133 2
88 1
109 2
82 1
83 1
85 1
61 1
87 1
89 1
86 1
70 1
65 1
84 1
75 1
77 1
55 1
72 1
82 1
140 2
60 1
70 1
69 1
72 1
68 1
59 1
138 2
131 2
62 1
70 1
70 1
198 3
70 1
139 2
59 1
74 1
70 1
81 1
56 1
74 1
77 1
72 1
126 2
82 1
151 2
58 1
132 2
69 1
71 1
57 1
147 2
64 1
128 2
74 1
70 1
74 1
52 1
73 1
73 1
75 1
73 1
66 1
73 1
79 1
77 1
175 3
77 1
68 1
54 1
227 3
72 1
53 1
146 2
79 1
55 1
75 1
71 1
71 1
130 2
152 2
76 1
209 3
69 1
280 4
141 2
53 1
86 1
77 1
82 1
57 1
122 2
81 1
124 2
67 1
71 1
71 1
68 1
210 3
132 2
148 2
70 1
67 1
58 1
340 5
267 4
148 2
195 3
77 1
161 2
78 1
180 1
73 1
68 1
72 1
53 1
144 2
84 1
75 1
131 2
72 1
123 2
77 1
72 1
147 2
66 1
148 2
79 1
80 1
62 1
75 1
73 1
140 2
77 1
76 1
76 1
199 3
69 1
73 1
63 1
49 1
147 2
68 1
122 2
82 1
79 1
141 2
76 1
79 1
134 2
86 1
71 1
222 3
148 2
81 1
218 3
83 1
137 2
80 1
221 3
63 1
300 4
60 1
76 1
161 2
54 1
66 1
73 1
141 2
58 1
60 1
72 1
79 1
63 1
138 2
196 3
74 1
69 1
71 1
138 2
82 1
71 1
67 1
58 1
146 2
139 2
57 1
72 1
70 1
71 1
58 1
50 1
58 1
151 2
60 1
68 1
74 1
82 1
68 1
54 1
145 2
79 1
57 1
74 1
149 2
71 1
59 1
61 1
136 2
130 2
141 2
72 1
118 2
72 1
70 1
127 2
145 2
71 1
54 1
67 1
74 1
136 2
126 2
69 1
69 1
69 1
59 1
72 1
69 1
129 2
73 1
70 1
72 1
68 1
217 3
80 1
74 1
116 2
141 2
66 1
144 2
71 1
69 1
58 1
74 1
258 4
68 1
274 4
78 1
144 2
54 1
73 1
69 1
191 3
140 2
199 3
72 1
141 2
57 1
267 4
154 2
70 1
67 1
61 1
131 2
70 1
59 1
69 1
75 1
66 1
73 1
56 1
74 1
69 1
140 2
59 1
150 2
140 2
72 1
69 1
74 1
131 2
77 1
69 1
70 1
125 2
74 1
150 2
147 2
78 1
76 1
71 1
55 1
144 2
73 1
125 2
141 2
70 1
130 2
79 1
160 2
202 3
125 2
75 1
139 2
127 2
143 2
70 1
72 1
57 1
203 3
56 1
142 2
149 2
59 1
61 1
141 2
59 1
48 1
87 1
267 4
67 1
72 1
69 1
130 2
73 1
66 1
60 1
62 1
69 1
198 3
74 1
67 1
141 2
57 1
71 1
79 1
73 1
137 2
224 3
56 1
77 1
66 1
74 1
56 1
131 2
346 5
73 1
194 3
66 1
79 1
66 1
73 1
72 1
70 1
136 2
84 1
69 1
71 1
74 1
53 1
75 1
65 1
73 1
130 2
70 1
70 1
70 1
55 1
150 2
74 1
56 1
59 1
73 1
69 1
262 4
140 2
61 1
60 1
68 1
70 1
59 1
60 1
140 2
80 1
60 1
71 1
68 1
72 1
71 1
65 1
324 5
68 1
81 1
73 1
56 1
62 1
71 1
71 1
65 1
220 3
73 1
56 1
75 1
137 2
139 2
73 1
154 2
55 1
60 1
70 1
198 3
150 2
72 1
144 2
69 1
68 1
69 1
55 1
85 1
72 1
70 1
129 2
61 1
140 2
118 2
72 1
68 1
140 2
64 1
73 1
71 1
80 1
61 1
79 1
221 3
69 1
239 3
121 2
299 4
82 1
149 2
62 1
69 1
78 1
160 2
51 1
69 1
216 3
74 1
173 2
79 1
59 1
176 2
79 1
80 1
161 2
80 1
87 1
121 2
74 1
77 1
236 3
172 2
76 1
136 2
70 1
72 1
52 1
77 1
224 3
139 2
79 1
89 1
115 2
67 1
79 1
368 5
71 1
52 1
79 1
77 1
70 1
140 2
69 1
79 1
70 1
130 2
77 1
146 2
52 1
155 2
79 1
130 2
142 2
67 1
67 1
74 1
72 1
77 1
121 2
200 3
191 3
69 1
284 4
123 2
62 1
72 1
72 1
68 1
56 1
74 1
207 3
60 1
62 1
