149
69
58
43
56
42
54
47
64
89
64
155
75
94
94
93
42
62
134
59
45
70
90
60
65
95
136
66
64
56
81
80
86
128
90
59
121
145
261
134
116
95
263
40
53
43
52
41
42
57
42
55
40
54
41
61
41
52
41
56
40
54
39
53
40
40
40
41
53
41
56
43
56
40
54
43
52
41
54
39
55
43
55
41
40
52
40
55
50
53
40
133
42
53
41
53
41
55
39
54
40
58
40
40
53
39
56
39
56
40
57
41
57
40
56
41
55
40
55
41
56
40
40
56
40
56
40
57
40
57
41
55
42
56
39
56
40
55
40
40
39
41
57
41
57
41
57
39
56
40
58
40
56
40
56
40
55
42
41
55
39
54
42
53
40
57
41
57
41
56
42
57
42
56
39
55
39
40
57
40
55
43
57
40
56
39
59
42
54
40
55
42
55
38
57
41
41
56
38
53
39
54
41
52
40
53
41
53
40
54
42
54
41
40
40
39
56
39
54
40
53
40
52
40
55
40
53
42
54
40
53
41
40
53
42
54
40
53
42
52
42
53
41
52
41
55
40
54
39
53
39
40
53
42
53
40
53
41
54
41
55
38
54
40
56
39
55
41
55
39
41
52
40
54
39
53
40
56
39
54
40
55
39
55
40
53
41
39
40
40
53
40
53
40
52
40
59
42
60
40
58
39
57
40
60
40
41
59
40
58
40
58
49
59
40
60
43
60
39
61
39
57
42
62
40
41
59
40
60
40
60
40
58
41
60
41
70
42
58
39
60
40
59
40
40
59
40
60
41
75
55
59
43
58
40
57
39
59
42
58
40
40
41
38
55
40
56
41
58
38
55
40
56
38
57
40
55
40
55
40
41
55
40
56
41
55
41
54
43
54
41
54
38
54
39
57
40
55
42
40
55
42
56
58
57
42
57
40
54
40
74
41
56
41
56
40
56
41
40
56
41
55
40
57
41
56
40
55
41
56
41
56
39
55
42
41
43
42
57
41
56
42
54
41
56
39
55
39
56
41
55
39
55
41
45
55
41
55
40
56
40
56
39
55
39
56
40
55
40
52
40
53
40
41
52
40
54
38
51
42
52
41
51
40
53
41
54
40
54
41
56
38
42
53
39
54
40
55
41
54
40
55
39
53
39
53
39
54
40
42
41
41
53
38
53
40
53
41
57
39
52
39
54
38
53
40
53
41
39
53
39
53
42
53
40
53
40
53
38
54
40
54
41
54
41
55
42
40
55
41
52
41
55
41
55
39
56
39
56
41
56
40
55
39
55
39
39
56
40
55
41
56
41
55
40
56
39
56
39
55
41
57
40
40
39
40
56
40
55
40
57
39
56
41
63
39
60
41
55
40
55
44
40
56
40
57
42
56
40
55
41
55
41
56
39
57
39
55
40
55
39
38
56
41
55
40
56
40
55
42
56
40
57
42
56
42
54
39
58
40
43
56
40
56
39
56
40
54
39
53
40
53
40
55
40
54
39
40
41
39
56
41
52
40
54
42
53
40
54
39
53
40
52
41
52
40
40
52
42
52
40
53
40
53
40
52
42
51
40
52
41
53
40
51
41
40
53
41
52
40
53
38
54
42
52
40
54
41
52
40
51
40
52
40
41
53
41
54
42
52
39
52
41
53
41
52
41
52
40
53
39
40
41
41
51
43
54
41
53
39
51
40
56
39
52
39
52
41
52
40
40
54
40
55
41
54
42
50
40
52
42
54
43
52
40
54
40
52
39
39
52
41
51
41
51
43
51
42
57
41
58
40
59
41
58
43
58
42
41
58
40
57
41
64
41
64
47
61
40
59
41
82
40
58
40
40
40
40
59
41
57
42
57
41
59
40
63
41
59
38
62
40
59
42
40
59
38
60
39
58
40
60
39
58
40
58
37
58
41
58
39
59
41
41
60
38
59
40
57
41
58
39
58
41
59
40
59
40
58
40
57
41
39
58
41
60
40
58
40
59
41
58
40
59
40
60
40
58
40
40
38
39
58
38
57
41
57
39
60
39
60
41
59
39
58
40
58
40
41
58
42
58
40
58
41
58
42
58
39
59
41
56
42
58
40
59
40
41
58
40
58
39
60
40
57
41
58
40
59
40
59
43
59
41
60
41
41
58
39
56
40
58
40
57
41
57
42
60
40
58
41
58
41
40
42
39
58
41
58
41
57
40
60
40
58
39
59
41
58
41
59
38
40
56
40
58
39
57
41
57
39
58
41
58
40
58
40
59
41
59
39
41
59
41
57
41
58
41
58
39
58
39
59
42
58
41
58
40
61
39
42
226
115
104
67
137
115
60
128
76
77
102
89
180
70
95
56
142
68
50
111
87
435
93
87
49
60
223
134
218
73
59
79
187
99
47
95
71
49
60
42
58
40
55
40
55
42
55
41
57
41
56
43
66
40
40
57
40
57
41
55
41
58
42
56
41
65
41
55
40
57
39
56
42
41
58
41
56
39
58
39
57
39
56
41
56
41
56
38
57
39
41
39
38
58
39
56
41
57
39
56
39
57
42
57
41
55
40
55
39
40
57
41
57
39
57
40
56
40
57
41
56
40
56
40
56
41
56
41
39
56
38
56
39
56
40
58
39
57
39
57
40
57
39
57
40
58
40
41
56
41
57
39
56
40
59
39
56
40
57
40
56
40
56
40
39
40
40
57
39
55
39
55
40
57
40
55
40
60
39
56
40
56
41
40
56
41
55
40
57
39
57
39
58
39
57
38
54
40
57
41
56
40
39
57
41
56
41
57
39
57
41
55
41
56
39
56
40
57
37
56
41
40
54
40
57
40
55
40
56
39
54
39
54
42
56
40
55
40
43
41
41
54
39
56
41
55
41
56
41
56
40
55
42
54
39
55
40
40
55
41
55
40
56
41
53
39
56
38
56
40
56
40
56
40
56
41
42
56
42
55
40
56
41
54
41
55
40
57
41
53
41
53
40
54
40
42
54
40
53
40
53
40
53
40
53
41
52
40
52
41
53
39
39
40
39
54
40
59
41
59
39
59
39
59
41
60
40
58
40
59
40
39
58
40
58
40
59
41
57
41
57
41
58
39
58
41
59
41
57
39
42
58
41
59
40
59
40
60
39
59
41
57
40
58
41
60
40
59
41
40
58
40
59
39
61
40
61
40
57
39
57
38
57
38
58
40
40
42
43
57
40
58
41
57
40
58
40
58
41
59
40
58
41
57
39
41
58
41
58
39
59
39
60
40
58
40
58
40
59
39
59
42
58
41
40
58
41
59
40
57
41
57
39
60
38
59
41
57
40
59
41
54
40
40
54
41
55
40
53
41
56
42
54
38
54
42
53
40
52
42
39
40
40
54
40
53
40
54
39
54
40
55
39
55
39
53
39
54
41
39
54
39
79
41
53
40
54
41
53
40
55
39
55
41
54
41
53
41
41
54
40
53
42
51
40
52
39
52
39
52
41
52
39
54
40
53
40
40
53
41
50
41
52
40
52
40
52
40
52
42
52
40
52
40
41
40
40
53
42
53
40
54
39
52
40
53
40
52
40
52
40
53
42
41
53
40
54
40
53
40
52
40
52
40
53
40
52
41
52
40
53
39
40
54
39
55
42
56
42
55
40
57
42
56
42
55
40
56
40
58
40
40
55
40
56
40
57
40
58
40
56
39
55
40
55
40
55
41
40
39
39
55
40
56
41
55
40
56
39
55
41
56
40
55
41
56
42
41
55
42
56
39
55
42
54
42
54
40
55
42
55
41
57
39
56
41
40
55
42
54
39
54
40
55
41
55
40
55
43
55
41
57
41
55
39
40
55
41
55
41
54
42
55
40
56
39
55
40
55
40
55
38
39
40
38
56
39
56
41
55
41
55
40
56
39
56
40
56
39
55
40
39
55
40
55
38
55
41
54
38
55
41
55
40
57
42
55
40
55
40
41
56
41
55
41
57
41
56
39
56
41
56
38
53
40
55
39
55
41
38
55
41
57
39
56
42
56
40
56
39
57
125
58
40
58
39
40
41
40
55
40
57
41
56
39
57
41
56
40
56
42
57
39
57
42
41
55
40
55
40
55
40
56
41
57
42
58
39
55
42
55
40
56
40
39
56
41
58
40
57
39
58
40
57
41
56
39
55
39
60
41
55
42
39
58
41
56
42
57
40
57
41
57
39
56
40
56
41
57
42
39
41
39
57
39
57
42
57
39
56
40
56
40
57
40
57
41
58
40
42
53
40
53
40
53
38
53
40
55
39
54
40
54
41
53
41
54
40
38
54
41
56
41
54
39
54
39
54
42
53
40
54
41
53
40
52
40
41
53
41
53
40
151
40
52
40
53
40
53
39
53
40
53
40
41
41
40
54
41
51
40
53
39
54
40
52
41
54
40
53
41
53
40
38
54
39
53
40
57
41
57
42
57
41
56
41
57
41
57
39
57
40
40
58
40
57
40
58
42
56
40
56
38
56
39
55
39
57
40
57
40
42
55
41
57
40
56
39
58
39
55
40
55
40
56
39
58
38
40
40
41
55
41
55
40
57
40
55
40
59
41
57
41
57
40
57
41
41
56
40
57
40
55
41
56
42
64
449
243
61
372
173
122
157
215
135
134
115
57
64
64
106
74
462
418
401
110
55
41
55
39
57
39
56
41
41
57
41
57
43
54
41
55
40
55
40
55
39
56
42
56
40
40
40
42
55
41
55
41
56
41
55
40
55
40
57
40
55
41
57
40
40
55
41
55
40
55
41
56
39
56
41
54
40
54
41
55
39
53
40
41
54
42
54
40
55
39
52
40
53
40
54
39
53
39
52
42
57
40
39
55
40
53
40
55
40
53
43
52
39
54
40
52
39
55
38
41
43
42
53
39
54
40
54
40
55
40
53
40
55
40
54
40
52
40
39
54
42
54
39
53
39
55
41
53
40
54
42
54
40
54
41
53
42
38
53
41
53
41
53
42
53
42
54
40
53
40
53
40
52
41
54
41
39
54
38
53
40
54
40
56
40
58
40
56
39
57
42
57
37
42
39
39
56
41
56
41
57
40
56
40
57
40
57
40
57
42
55
41
38
57
40
55
40
57
39
58
41
55
40
55
40
57
39
58
41
56
40
42
55
41
56
42
58
39
56
39
60
40
58
40
55
41
55
40
56
39
39
56
39
57
39
54
42
57
40
61
42
56
41
56
39
55
41
40
41
40
56
41
56
41
56
39
57
40
56
40
57
40
56
41
55
39
40
57
41
56
41
56
39
59
41
55
41
58
39
57
40
56
41
58
40
40
56
40
56
40
56
41
55
40
56
39
56
42
55
38
54
39
55
39
40
56
38
56
43
57
41
55
41
56
39
57
40
55
42
55
42
42
39
40
55
41
55
39
54
39
54
40
55
40
54
41
56
39
55
39
41
56
39
56
40
56
39
58
39
58
39
58
39
60
40
59
40
57
39
40
60
39
59
39
59
42
58
40
58
38
57
40
60
41
59
42
60
40
40
59
42
81
40
58
38
58
42
60
40
57
48
59
39
58
40
40
39
40
57
41
59
39
59
40
59
41
58
39
59
39
59
40
59
39
39
58
39
58
41
59
40
58
41
59
42
58
39
60
41
57
42
58
40
39
59
40
59
38
57
39
58
39
58
40
59
40
59
41
55
41
55
39
40
55
41
56
40
56
40
58
39
56
39
54
39
56
42
54
39
40
41
40
54
41
57
39
54
42
54
40
56
40
56
41
55
41
55
43
38
57
41
55
41
55
39
55
41
58
40
56
40
56
42
54
39
55
39
39
55
41
56
41
57
42
54
40
54
42
54
42
55
40
56
40
56
39
40
54
40
56
40
55
40
54
40
55
40
55
38
57
39
57
41
39
41
40
55
41
55
40
58
39
56
40
57
41
54
39
56
40
55
39
40
57
40
56
40
55
40
55
40
56
40
54
40
54
40
55
42
57
42
40
56
40
55
40
55
39
54
39
57
40
56
40
55
42
56
40
54
39
40
54
44
55
40
54
41
56
40
54
39
56
39
55
41
56
41
39
40
40
54
40
56
42
55
39
55
40
53
40
55
40
54
40
52
41
39
53
41
54
40
53
41
54
41
51
41
53
38
54
40
54
40
53
41
41
54
40
55
38
53
40
54
39
54
40
53
39
54
39
53
42
54
40
40
55
39
52
40
54
42
54
40
54
40
55
39
52
40
55
40
38
39
42
52
41
53
41
54
39
53
41
53
40
54
39
53
39
52
39
40
53
39
52
38
51
39
53
40
55
40
54
40
54
39
54
39
55
40
39
52
41
53
41
53
40
54
42
55
40
53
41
59
39
60
40
58
40
40
59
40
61
41
59
41
58
41
59
40
60
41
58
40
59
40
42
39
39
59
38
59
41
57
41
59
40
58
39
59
41
58
39
58
39
40
58
40
59
39
59
40
59
38
56
39
56
40
56
41
56
40
56
39
40
56
40
57
40
56
41
56
41
55
42
59
39
56
40
56
40
55
41
40
56
42
56
42
56
40
56
40
58
42
57
40
57
41
57
41
40
41
40
56
40
57
40
55
41
55
41
56
39
56
39
56
39
57
40
40
57
42
57
41
55
39
56
42
57
39
58
40
56
39
56
39
55
42
41
57
40
58
40
56
41
57
41
56
40
57
39
56
41
56
41
57
40
40
55
39
57
40
57
40
56
41
57
41
58
40
56
42
56
40
41
39
41
57
41
58
42
58
40
56
42
56
41
54
39
51
39
53
41
40
54
39
52
41
53
40
54
40
54
42
53
40
53
42
53
39
53
38
40
52
41
53
40
52
40
52
41
53
40
54
40
54
39
54
40
52
41
39
52
40
52
39
53
45
164
89
115
104
120
173
710
249
180
130
164
205
65
110
133
217
193
171
239
78
126
254
42
52
41
52
41
52
40
40
53
41
53
40
53
53
52
41
53
41
53
41
52
42
52
42
52
41
41
52
41
59
43
53
40
52
40
52
42
52
42
52
41
53
39
53
41
40
54
40
53
41
53
39
53
41
58
42
60
39
59
41
59
39
39
41
43
59
41
59
39
60
40
60
40
57
41
58
40
58
42
58
41
40
58
39
58
40
59
39
60
42
59
39
59
40
59
41
58
41
58
40
41
53
39
53
39
50
40
52
39
52
41
54
40
52
40
53
39
54
40
41
52
40
51
38
52
40
52
39
52
41
52
41
54
41
53
39
39
41
40
52
41
55
39
54
41
52
38
53
40
52
40
52
40
51
43
41
51
38
51
42
50
40
51
39
52
42
52
39
52
42
54
41
56
42
41
52
43
59
42
53
40
53
39
53
38
53
42
51
39
54
40
53
41
40
53
42
52
40
51
40
52
40
54
41
50
45
51
42
54
40
39
38
39
53
39
54
40
53
39
53
39
53
41
54
38
53
41
56
40
41
53
41
53
39
55
40
54
39
52
42
52
40
52
39
53
39
54
41
40
53
38
52
40
54
41
53
41
54
41
53
39
52
41
52
40
54
42
39
54
40
54
40
53
42
52
39
53
39
54
38
53
40
53
39
40
41
41
53
40
53
38
52
40
54
41
53
38
53
41
52
41
54
40
40
53
40
54
40
54
38
54
38
54
41
53
41
54
41
53
40
52
42
39
53
42
53
41
56
40
55
39
54
41
53
39
55
40
54
43
53
40
38
53
41
58
41
58
40
57
39
58
39
59
40
60
40
59
40
40
40
40
58
40
57
39
59
40
59
43
60
42
59
39
59
41
59
40
41
58
40
58
42
58
40
56
39
57
39
56
41
56
39
56
41
57
41
39
57
40
57
40
57
39
57
39
56
40
56
40
54
37
55
41
57
41
40
56
39
56
39
57
41
56
40
56
40
57
40
57
40
58
42
39
41
38
56
38
56
41
55
41
57
39
57
40
56
42
55
40
56
39
39
57
39
59
38
57
39
56
40
57
40
56
41
56
41
56
40
57
40
40
56
41
59
41
56
38
58
41
55
55
55
40
56
41
56
40
57
40
41
55
40
55
39
57
39
56
39
56
40
58
39
54
40
53
41
40
41
39
53
40
53
41
52
42
52
39
53
39
53
41
54
40
53
41
40
51
40
52
39
52
38
53
42
53
39
53
40
55
38
50
40
53
40
40
52
39
52
39
51
40
52
41
53
38
55
39
52
42
53
39
53
39
40
52
39
52
43
52
40
52
40
51
41
53
39
51
40
51
41
37
41
41
53
39
53
40
50
38
56
40
53
41
52
41
52
41
52
40
41
54
41
51
41
52
40
51
41
51
39
53
41
52
40
52
38
52
39
40
52
41
51
40
52
39
53
41
53
41
53
40
52
41
52
39
53
41
40
53
39
53
41
52
39
51
40
55
40
53
41
52
41
54
40
39
41
39
53
40
53
40
54
39
54
40
54
39
54
40
54
40
54
40
41
52
40
52
40
53
40
53
40
51
42
53
40
52
43
52
41
54
41
40
52
41
52
39
54
42
51
40
53
39
53
39
52
40
53
39
50
40
40
53
43
53
41
56
40
56
40
58
40
55
40
56
38
56
40
40
40
40
56
42
57
41
56
40
56
39
55
40
57
42
57
39
56
41
41
55
39
55
41
56
40
56
41
57
40
56
40
57
41
57
40
56
41
40
57
40
57
37
56
40
57
41
56
41
57
40
56
40
56
40
55
41
38
56
39
55
40
56
40
55
40
55
40
58
38
57
39
58
40
40
41
39
56
40
56
44
57
39
56
39
56
41
55
39
58
39
57
40
40
57
41
57
40
58
41
56
40
56
41
57
39
55
40
57
38
58
40
38
56
41
56
41
56
40
56
40
56
40
55
41
55
40
56
40
55
44
41
56
38
56
38
57
40
55
41
54
41
56
39
52
41
53
38
41
40
40
54
41
147
91
73
130
74
131
70
120
100
222
116
86
118
47
100
88
109
66
89
220
124
67
78
88
57
212
83
174
71
68
383
102
117
137
78
41
56
42
55
42
60
41
59
41
59
40
58
39
68
41
60
42
40
59
40
60
44
57
42
62
42
59
40
57
41
57
41
59
42
40
40
41
59
41
58
42
58
39
58
40
59
40
59
40
58
40
58
38
41
59
40
59
40
59
41
58
42
50
40
52
40
52
40
53
39
53
39
40
53
39
54
40
54
40
53
40
50
41
53
39
53
39
54
39
52
39
40
52
41
53
40
52
40
53
41
54
39
52
40
52
39
52
42
40
39
40
53
43
52
41
53
40
51
39
51
43
54
40
52
41
52
42
39
53
39
53
40
53
41
53
42
52
41
53
41
53
41
54
38
54
40
40
55
39
52
39
53
41
53
40
52
41
55
40
52
39
53
41
50
39
40
52
40
53
43
52
42
52
41
53
40
51
41
52
40
52
39
40
40
41
51
40
56
39
151
40
56
39
56
40
59
41
56
40
57
41
39
57
38
56
41
55
41
56
41
56
40
56
39
57
39
56
40
56
39
40
56
41
56
41
56
41
56
38
58
39
58
42
55
42
55
41
58
41
40
56
40
57
41
56
40
56
39
58
40
56
42
54
39
53
40
40
40
39
54
38
53
40
53
37
51
40
52
41
52
40
54
41
51
39
40
52
42
51
42
51
42
52
39
52
41
51
40
54
41
52
39
52
40
40
53
42
52
42
52
40
52
41
53
41
51
39
52
40
52
40
52
40
39
53
41
52
40
52
40
52
41
51
39
53
41
53
40
51
40
40
40
39
52
40
53
40
52
41
52
41
53
40
52
41
51
40
53
40
39
52
41
53
39
54
40
52
40
52
42
53
39
51
41
53
39
53
39
39
52
40
52
41
53
41
54
39
53
40
54
41
53
41
52
40
52
39
38
51
39
52
38
52
40
53
40
52
40
53
40
52
39
53
41
39
40
41
52
39
52
40
52
40
53
40
52
39
54
42
53
40
53
41
39
53
40
52
41
54
41
52
39
51
39
52
41
53
40
52
41
50
40
42
54
41
56
39
56
40
56
42
55
41
57
39
58
42
58
41
56
40
40
58
40
56
41
54
39
58
42
56
39
57
40
56
43
55
41
40
40
40
56
39
56
41
57
41
56
38
58
41
58
39
57
39
57
43
41
57
40
56
41
57
40
57
40
57
39
57
42
56
40
55
39
56
40
39
57
40
59
40
56
39
57
43
56
41
56
41
161
43
59
41
54
42
41
56
42
57
40
56
39
57
39
57
42
57
41
53
43
53
39
41
40
40
52
41
51
42
53
40
52
41
52
40
52
41
53
41
53
40
39
55
40
51
39
53
40
53
42
52
41
52
39
53
41
54
40
51
39
41
50
40
53
42
51
39
52
41
53
39
52
43
51
42
51
41
53
41
40
53
40
53
42
49
41
54
41
53
41
52
39
53
40
53
38
39
39
40
51
40
54
39
53
40
52
41
53
39
52
39
54
41
52
40
40
53
39
53
40
51
40
53
40
51
41
54
45
52
42
53
40
50
41
41
53
40
52
41
52
40
53
41
52
42
56
40
54
44
51
41
53
39
41
314
43
53
41
52
38
53
40
60
40
62
71
81
42
56
60
46
44
54
59
43
59
40
58
41
56
43
58
40
56
41
58
40
59
39
43
59
39
59
42
60
43
59
44
61
40
59
43
60
44
56
45
61
41
45
60
46
60
43
63
47
63
46
63
49
64
45
67
48
63
50
68
49
51
65
52
69
53
55
39
56
40
57
40
55
40
55
42
56
39
40
39
39
57
41
56
41
58
40
57
40
57
39
56
42
56
40
55
43
41
56
43
57
41
55
40
57
40
56
40
56
39
57
39
57
39
56
40
40
54
41
55
38
58
40
57
39
57
40
56
124
66
41
57
113
178
154
307
