306 1
115 2
39 1
52 1
54 1
51 1
53 1
42 1
53 1
106 2
40 1
57 1
110 2
57 1
95 2
166 3
40 1
54 1
57 1
55 1
150 3
53 1
55 1
41 1
55 1
53 1
55 1
81 2
55 1
56 1
150 3
112 2
97 2
56 1
113 2
40 1
55 1
54 1
56 1
98 2
55 1
118 2
98 2
174 3
99 2
59 1
58 1
98 2
118 2
57 1
137 3
59 1
59 1
97 2
174 3
41 1
59 1
59 1
60 1
99 2
60 1
116 2
43 1
57 1
56 1
116 2
39 1
56 1
57 1
56 1
95 2
58 1
56 1
56 1
40 1
56 1
114 2
79 2
55 1
57 1
56 1
39 1
55 1
167 3
43 1
56 1
56 1
56 1
151 3
55 1
97 2
55 1
58 1
55 1
206 4
56 1
42 1
56 1
56 1
54 1
56 1
40 1
54 1
56 1
56 1
40 1
40 1
55 1
56 1
56 1
39 1
54 1
57 1
55 1
99 2
164 3
38 1
57 1
55 1
109 2
41 1
111 2
111 2
95 2
109 2
40 1
57 1
55 1
57 1
55 1
97 2
55 1
96 2
39 1
56 1
55 1
153 3
112 2
96 2
115 2
57 1
38 1
167 3
58 1
98 2
57 1
56 1
97 2
111 2
55 1
40 1
55 1
57 1
58 1
56 1
41 1
56 1
111 2
41 1
41 1
58 1
57 1
97 2
56 1
114 2
56 1
40 1
57 1
118 2
39 1
56 1
56 1
57 1
57 1
42 1
55 1
58 1
56 1
57 1
98 2
56 1
56 1
42 1
58 1
113 2
56 1
153 3
57 1
38 1
40 1
58 1
57 1
58 1
266 5
40 1
57 1
56 1
56 1
97 2
56 1
56 1
151 3
113 2
57 1
39 1
59 1
152 3
57 1
114 2
96 2
57 1
56 1
55 1
41 1
40 1
56 1
113 2
39 1
56 1
56 1
55 1
155 3
107 2
40 1
104 2
107 2
39 1
52 1
105 2
93 2
52 1
52 1
55 1
95 2
53 1
105 2
41 1
101 2
53 1
42 1
41 1
103 2
93 2
53 1
52 1
50 1
52 1
39 1
52 1
53 1
51 1
41 1
52 1
107 2
54 1
41 1
157 3
93 2
53 1
52 1
51 1
40 1
53 1
54 1
147 3
54 1
50 1
51 1
40 1
40 1
52 1
148 3
52 1
52 1
54 1
94 2
52 1
53 1
52 1
93 2
52 1
105 2
40 1
55 1
53 1
147 3
60 1
58 1
58 1
41 1
60 1
118 2
59 1
43 1
58 1
60 1
98 2
40 1
60 1
59 1
159 3
58 1
59 1
60 1
42 1
58 1
58 1
96 2
58 1
118 2
59 1
39 1
115 2
65 1
154 3
59 1
59 1
40 1
116 2
159 3
60 1
59 1
98 2
41 1
58 1
118 2
99 2
57 1
59 1
160 3
58 1
58 1
99 2
175 3
39 1
118 2
158 3
116 2
59 1
40 1
60 1
60 1
59 1
59 1
155 3
98 2
42 1
54 1
55 1
52 1
40 1
54 1
52 1
55 1
53 1
41 1
56 1
53 1
54 1
40 1
54 1
53 1
54 1
53 1
41 1
53 1
54 1
53 1
92 2
53 1
53 1
257 5
54 1
39 1
112 2
52 1
80 2
54 1
151 3
113 2
55 1
57 1
39 1
57 1
153 3
59 1
56 1
58 1
97 2
112 2
139 1
57 1
41 1
118 2
57 1
40 1
177 3
59 1
99 2
60 1
60 1
40 1
40 1
176 3
40 1
59 1
58 1
59 1
58 1
40 1
58 1
59 1
99 2
57 1
58 1
159 3
118 2
118 2
98 2
155 3
58 1
57 1
56 1
57 1
40 1
56 1
110 2
79 2
56 1
56 1
55 1
209 4
55 1
40 1
110 2
55 1
40 1
112 2
56 1
97 2
55 1
55 1
56 1
55 1
38 1
54 1
63 1
56 1
94 2
56 1
57 1
263 5
39 1
96 2
57 1
54 1
39 1
166 3
56 1
40 1
111 2
151 3
55 1
56 1
81 1
233 1
79 1
62 1
612 4
164 1
346 1
193 1
219 1
202 2
167 2
193 2
320 2
550 3
101 1
49 1
155 1
240 2
152 2
54 1
79 1
53 1
40 1
52 1
150 2
53 1
43 1
105 2
53 1
92 2
53 1
56 1
56 1
40 1
53 1
52 1
52 1
96 2
52 1
190 4
107 2
93 2
110 2
62 1
54 1
41 1
52 1
52 1
52 1
42 1
53 1
53 1
52 1
53 1
39 1
53 1
50 1
195 4
53 1
91 2
105 2
142 3
52 1
54 1
93 2
95 2
148 3
106 2
52 1
54 1
39 1
54 1
105 2
144 3
52 1
53 1
93 2
53 1
107 2
39 1
196 4
52 1
51 1
53 1
51 1
41 1
53 1
104 2
82 2
53 1
53 1
52 1
41 1
54 1
54 1
54 1
53 1
40 1
54 1
55 1
54 1
41 1
52 1
54 1
252 5
151 3
52 1
54 1
55 1
94 2
107 2
148 3
53 1
137 3
161 3
39 1
53 1
51 1
55 1
53 1
40 1
107 2
53 1
40 1
106 2
52 1
52 1
41 1
54 1
53 1
53 1
54 1
40 1
54 1
108 2
40 1
213 4
201 4
41 1
41 1
53 1
107 2
41 1
52 1
53 1
55 1
54 1
40 1
53 1
153 3
52 1
54 1
105 2
40 1
52 1
54 1
54 1
52 1
40 1
54 1
53 1
53 1
92 2
53 1
106 2
39 1
52 1
54 1
54 1
41 1
39 1
55 1
53 1
53 1
39 1
107 2
54 1
52 1
200 4
93 2
54 1
105 2
41 1
51 1
105 2
95 2
52 1
106 2
203 4
153 3
54 1
132 3
106 2
52 1
96 2
52 1
105 2
40 1
54 1
55 1
91 2
54 1
52 1
53 1
53 1
41 1
103 2
53 1
52 1
40 1
106 2
53 1
93 2
53 1
52 1
53 1
40 1
52 1
107 2
84 2
51 1
52 1
54 1
40 1
54 1
55 1
52 1
95 2
173 3
40 1
111 2
111 2
40 1
57 1
111 2
56 1
41 1
113 2
57 1
96 2
56 1
153 3
111 2
99 2
40 1
57 1
55 1
56 1
40 1
57 1
57 1
56 1
95 2
56 1
57 1
55 1
43 1
111 2
56 1
54 1
126 1
56 1
57 1
55 1
53 1
93 2
57 1
54 1
43 1
53 1
51 1
145 3
52 1
53 1
51 1
41 1
41 1
53 1
53 1
53 1
92 2
54 1
51 1
53 1
41 1
52 1
53 1
51 1
42 1
53 1
55 1
105 2
41 1
54 1
163 3
42 1
108 2
54 1
300 6
56 1
51 1
51 1
40 1
41 1
56 1
56 1
311 6
41 1
105 2
91 2
105 2
52 1
53 1
40 1
62 1
52 1
56 1
56 1
44 1
166 3
41 1
55 1
107 2
53 1
42 1
56 1
53 1
96 2
96 2
52 1
56 1
43 1
54 1
54 1
57 1
98 2
124 2
56 1
44 1
56 1
57 1
156 3
115 2
59 1
60 1
45 1
60 1
59 1
59 1
108 2
61 1
123 2
48 1
62 1
63 1
114 2
52 1
196 3
55 1
66 1
53 1
52 1
53 1
39 1
52 1
52 1
51 1
39 1
53 1
55 1
113 2
40 1
55 1
56 1
151 3
57 1
55 1
55 1
40 1
54 1
58 1
111 2
40 1
111 2
56 1
40 1
42 1
55 1
109 2
40 1
110 2
111 2
151 3
55 1
39 1
54 1
112 2
94 2
55 1
110 2
56 1
41 1
54 1
55 1
55 1
41 1
54 1
55 1
56 1
55 1
42 1
56 1
115 2
82 2
53 1
56 1
95 2
54 1
57 1
56 1
56 1
42 1
110 2
96 2
55 1
111 2
56 1
39 1
58 1
56 1
55 1
97 2
108 2
56 1
40 1
167 3
56 1
153 3
57 1
134 3
57 1
54 1
39 1
113 2
57 1
58 1
38 1
59 1
158 3
118 2
57 1
59 1
39 1
117 2
157 3
58 1
60 1
59 1
39 1
58 1
118 2
57 1
40 1
59 1
59 1
59 1
39 1
42 1
176 3
40 1
57 1
57 1
118 2
40 1
57 1
58 1
59 1
39 1
60 1
59 1
118 2
40 1
117 2
59 1
60 1
40 1
59 1
158 3
115 2
115 2
39 1
59 1
57 1
59 1
39 1
40 1
59 1
57 1
58 1
94 2
52 1
54 1
200 4
53 1
40 1
106 2
53 1
97 2
52 1
53 1
53 1
252 5
40 1
54 1
55 1
54 1
209 4
56 1
41 1
153 3
55 1
38 1
54 1
55 1
56 1
56 1
39 1
55 1
109 2
40 1
55 1
55 1
111 2
40 1
224 4
41 1
57 1
111 2
41 1
57 1
55 1
56 1
94 2
57 1
55 1
57 1
80 2
56 1
54 1
56 1
40 1
54 1
54 1
51 1
54 1
40 1
55 1
106 2
40 1
104 2
52 1
53 1
42 1
54 1
65 1
51 1
149 3
51 1
52 1
39 1
51 1
105 2
52 1
415 3
92 2
39 1
54 1
53 1
53 1
40 1
104 2
51 1
54 1
43 1
104 2
52 1
92 2
53 1
145 3
52 1
52 1
50 1
51 1
40 1
161 3
40 1
164 3
90 2
53 1
53 1
52 1
83 2
107 2
52 1
41 1
53 1
53 1
52 1
92 2
51 1
53 1
53 1
93 2
52 1
52 1
53 1
40 1
51 1
53 1
53 1
52 1
91 2
53 1
54 1
40 1
53 1
52 1
53 1
58 1
41 1
104 2
93 2
41 1
57 1
56 1
208 4
56 1
97 2
55 1
56 1
56 1
40 1
56 1
110 2
57 1
38 1
55 1
56 1
54 1
54 1
38 1
56 1
55 1
98 2
111 2
111 2
40 1
110 2
56 1
80 2
56 1
111 2
42 1
108 2
57 1
96 2
56 1
204 2
104 1
98 1
106 1
100 1
85 1
148 1
156 1
94 1
81 1
256 2
63 1
140 1
144 2
266 3
101 1
175 1
297 1
144 1
151 2
98 1
468 2
204 1
439 2
59 1
115 2
41 1
210 4
57 1
55 1
56 1
60 1
40 1
58 1
116 2
56 1
41 1
57 1
114 2
98 2
114 2
60 1
55 1
175 3
41 1
41 1
56 1
150 2
40 1
59 1
55 1
56 1
57 1
43 1
56 1
155 3
114 2
56 1
56 1
41 1
57 1
112 2
57 1
42 1
58 1
265 5
56 1
58 1
403 8
95 2
54 1
106 2
53 1
41 1
53 1
107 2
41 1
106 2
54 1
52 1
41 1
55 1
51 1
147 3
198 4
54 1
197 4
108 2
134 3
54 1
54 1
96 2
54 1
54 1
57 1
97 2
57 1
56 1
58 1
39 1
57 1
58 1
55 1
55 1
41 1
57 1
56 1
112 2
40 1
57 1
55 1
208 4
115 2
251 5
97 2
56 1
57 1
41 1
56 1
57 1
55 1
99 2
112 2
57 1
42 1
58 1
55 1
57 1
57 1
40 1
57 1
56 1
55 1
56 1
42 1
57 1
112 2
40 1
58 1
113 2
57 1
41 1
56 1
56 1
56 1
41 1
99 2
56 1
57 1
96 2
122 2
57 1
39 1
55 1
56 1
57 1
99 2
110 2
55 1
39 1
58 1
55 1
56 1
55 1
156 3
55 1
40 1
169 3
98 2
58 1
55 1
56 1
41 1
41 1
56 1
113 2
93 2
53 1
103 2
41 1
104 2
53 1
91 2
52 1
147 3
104 2
53 1
53 1
39 1
158 3
93 2
105 2
52 1
39 1
56 1
52 1
52 1
41 1
95 2
105 2
41 1
55 1
52 1
53 1
52 1
148 3
53 1
39 1
104 2
53 1
54 1
91 2
51 1
106 2
39 1
53 1
146 3
53 1
53 1
51 1
53 1
40 1
52 1
52 1
53 1
40 1
40 1
60 1
158 3
119 2
58 1
58 1
40 1
60 1
59 1
58 1
118 2
59 1
58 1
58 1
42 1
116 2
58 1
60 1
220 4
158 3
58 1
100 2
58 1
59 1
99 2
40 1
117 2
58 1
41 1
119 2
59 1
58 1
41 1
60 1
117 2
41 1
119 2
59 1
98 2
117 2
59 1
60 1
42 1
59 1
61 1
59 1
41 1
117 2
58 1
99 2
175 3
81 2
118 2
60 1
42 1
58 1
117 2
99 2
58 1
61 1
59 1
98 2
57 1
57 1
56 1
98 2
56 1
56 1
152 3
114 2
95 2
116 2
97 2
167 3
132 3
53 1
54 1
42 1
54 1
54 1
106 2
40 1
54 1
106 2
40 1
54 1
53 1
144 3
53 1
54 1
55 1
53 1
39 1
53 1
107 2
93 2
54 1
55 1
55 1
148 3
98 2
40 1
53 1
110 2
40 1
54 1
53 1
55 1
52 1
40 1
107 2
52 1
41 1
213 4
93 2
54 1
56 1
55 1
92 2
54 1
53 1
93 2
54 1
52 1
92 2
53 1
55 1
53 1
136 3
53 1
54 1
42 1
54 1
54 1
54 1
53 1
39 1
54 1
54 1
54 1
92 2
52 1
55 1
95 2
108 2
54 1
94 2
56 1
112 2
41 1
56 1
116 2
96 2
56 1
57 1
57 1
40 1
40 1
56 1
152 3
60 1
57 1
114 2
40 1
56 1
110 2
96 2
169 3
41 1
56 1
58 1
57 1
57 1
40 1
55 1
56 1
55 1
42 1
56 1
57 1
58 1
57 1
154 3
57 1
135 3
57 1
55 1
40 1
55 1
166 3
41 1
111 2
56 1
41 1
56 1
56 1
112 2
39 1
57 1
56 1
57 1
96 2
57 1
55 1
58 1
40 1
110 2
56 1
58 1
40 1
55 1
54 1
56 1
82 2
54 1
54 1
94 2
55 1
58 1
55 1
56 1
97 2
57 1
56 1
40 1
167 3
55 1
41 1
56 1
55 1
55 1
54 1
99 2
57 1
96 2
58 1
57 1
56 1
56 1
41 1
55 1
56 1
56 1
80 2
114 2
97 2
56 1
56 1
55 1
58 1
41 1
59 1
57 1
56 1
42 1
56 1
263 5
55 1
57 1
56 1
97 2
55 1
100 2
113 2
57 1
56 1
40 1
56 1
57 1
56 1
79 2
170 3
41 1
56 1
54 1
54 1
55 1
40 1
52 1
54 1
55 1
39 1
52 1
53 1
109 2
39 1
52 1
54 1
53 1
93 2
53 1
54 1
52 1
98 2
57 1
160 3
57 1
58 1
199 4
59 1
60 1
156 3
58 1
100 2
60 1
59 1
60 1
39 1
57 1
59 1
58 1
57 1
158 3
59 1
59 1
38 1
115 2
57 1
41 1
59 1
58 1
59 1
99 2
176 3
80 2
176 3
40 1
59 1
60 1
120 2
40 1
59 1
156 3
59 1
60 1
60 1
99 2
59 1
114 2
58 1
100 2
58 1
59 1
99 2
175 3
42 1
60 1
59 1
198 4
60 1
100 2
58 1
58 1
59 1
59 1
41 1
115 2
96 2
59 1
58 1
59 1
57 1
100 2
59 1
56 1
58 1
41 1
118 2
59 1
40 1
58 1
60 1
56 1
58 1
100 2
58 1
60 1
81 2
111 2
52 1
40 1
53 1
53 1
51 1
54 1
40 1
155 3
39 1
52 1
106 2
52 1
42 1
212 4
43 1
104 2
54 1
147 3
57 1
57 1
41 1
57 1
57 1
56 1
41 1
41 1
112 2
56 1
39 1
55 1
57 1
56 1
57 1
40 1
57 1
114 2
40 1
110 2
53 1
51 1
41 1
104 2
104 2
92 2
104 2
39 1
52 1
53 1
51 1
55 1
41 1
52 1
51 1
54 1
41 1
39 1
216 1
1024 7
50 1
52 1
406 1
196 2
152 1
168 1
99 1
105 1
170 1
137 1
103 1
102 1
182 1
501 3
283 2
104 1
55 1
54 1
54 1
42 1
110 2
54 1
39 1
94 2
54 1
52 1
43 1
54 1
55 1
55 1
95 2
53 1
56 1
92 2
55 1
111 2
51 1
42 1
55 1
53 1
54 1
98 2
52 1
55 1
55 1
145 3
54 1
57 1
95 2
54 1
54 1
40 1
41 1
106 2
55 1
41 1
53 1
54 1
54 1
53 1
40 1
52 1
53 1
55 1
41 1
53 1
54 1
147 3
53 1
109 2
95 2
54 1
109 2
41 1
53 1
53 1
149 3
162 3
43 1
92 2
55 1
55 1
95 2
108 2
52 1
39 1
55 1
58 1
55 1
40 1
106 2
53 1
54 1
39 1
106 2
55 1
55 1
40 1
53 1
54 1
54 1
40 1
54 1
108 2
54 1
95 2
55 1
52 1
80 2
54 1
54 1
54 1
40 1
53 1
206 4
54 1
53 1
52 1
42 1
55 1
52 1
53 1
54 1
148 3
146 3
52 1
109 2
39 1
108 2
56 1
52 1
41 1
160 3
42 1
40 1
107 2
147 3
52 1
54 1
94 2
52 1
53 1
55 1
93 2
163 3
41 1
54 1
53 1
54 1
97 2
54 1
53 1
54 1
41 1
51 1
56 1
54 1
55 1
38 1
54 1
52 1
94 2
40 1
55 1
52 1
53 1
40 1
107 2
108 2
40 1
115 2
60 1
40 1
58 1
176 3
41 1
116 2
160 3
60 1
160 3
57 1
58 1
58 1
59 1
100 2
115 2
81 2
118 2
98 2
239 4
40 1
58 1
118 2
100 2
59 1
59 1
60 1
101 2
60 1
117 2
41 1
61 1
60 1
99 2
58 1
59 1
117 2
41 1
59 1
58 1
57 1
79 2
59 1
63 1
58 1
40 1
57 1
59 1
60 1
57 1
97 2
59 1
98 2
58 1
117 2
58 1
102 2
178 3
41 1
59 1
118 2
40 1
118 2
59 1
57 1
39 1
59 1
59 1
58 1
41 1
38 1
59 1
59 1
58 1
39 1
119 2
58 1
57 1
40 1
58 1
58 1
57 1
40 1
118 2
58 1
57 1
40 1
58 1
60 1
117 2
41 1
59 1
57 1
58 1
40 1
58 1
59 1
57 1
59 1
99 2
119 2
41 1
40 1
59 1
59 1
57 1
100 2
115 2
59 1
40 1
58 1
58 1
61 1
40 1
175 3
60 1
39 1
59 1
177 3
41 1
61 1
61 1
65 1
102 2
62 1
122 2
43 1
118 2
59 1
40 1
101 2
59 1
98 2
56 1
55 1
55 1
58 1
39 1
57 1
211 4
112 2
98 2
56 1
56 1
55 1
58 1
42 1
56 1
57 1
58 1
40 1
56 1
56 1
112 2
98 2
56 1
96 2
41 1
57 1
56 1
57 1
39 1
57 1
56 1
55 1
54 1
39 1
114 2
55 1
40 1
56 1
56 1
56 1
54 1
41 1
56 1
55 1
207 4
56 1
56 1
40 1
111 2
110 2
39 1
58 1
55 1
97 2
40 1
54 1
113 2
39 1
57 1
56 1
56 1
58 1
97 2
56 1
56 1
157 3
152 3
53 1
55 1
54 1
56 1
41 1
112 2
57 1
41 1
111 2
112 2
39 1
167 3
41 1
151 3
56 1
42 1
113 2
56 1
55 1
41 1
111 2
56 1
40 1
115 2
54 1
54 1
203 4
52 1
40 1
56 1
52 1
54 1
40 1
53 1
54 1
52 1
54 1
145 3
292 6
40 1
219 4
41 1
54 1
54 1
54 1
39 1
216 4
40 1
54 1
106 2
93 2
57 1
53 1
55 1
92 2
54 1
107 2
41 1
55 1
53 1
53 1
41 1
40 1
54 1
52 1
54 1
200 4
97 2
53 1
54 1
52 1
95 2
53 1
55 1
54 1
40 1
108 2
144 3
53 1
143 3
113 2
117 2
96 2
114 2
42 1
40 1
57 1
56 1
96 2
56 1
169 3
41 1
56 1
58 1
97 2
55 1
57 1
59 1
98 2
57 1
170 3
210 4
154 3
116 2
40 1
56 1
115 2
40 1
98 2
58 1
56 1
154 3
56 1
58 1
41 1
57 1
115 2
40 1
57 1
56 1
55 1
57 1
40 1
58 1
112 2
57 1
96 2
54 1
57 1
97 2
116 2
57 1
40 1
58 1
55 1
58 1
83 2
166 3
40 1
57 1
58 1
115 2
94 2
54 1
53 1
38 1
53 1
54 1
54 1
51 1
93 2
54 1
54 1
54 1
42 1
53 1
53 1
149 3
55 1
55 1
53 1
39 1
57 1
110 2
40 1
96 2
55 1
97 2
111 2
55 1
56 1
40 1
55 1
58 1
93 2
57 1
54 1
54 1
55 1
40 1
115 2
55 1
152 3
55 1
98 2
55 1
54 1
57 1
57 1
39 1
56 1
58 1
55 1
39 1
40 1
57 1
55 1
56 1
152 3
111 2
40 1
110 2
56 1
39 1
55 1
56 1
110 2
42 1
224 4
95 2
55 1
150 3
168 3
96 2
111 2
193 4
58 1
95 2
55 1
156 3
166 3
40 1
56 1
208 4
54 1
56 1
56 1
53 1
40 1
106 2
53 1
92 2
54 1
53 1
53 1
41 1
53 1
52 1
52 1
79 2
54 1
54 1
52 1
41 1
53 1
53 1
105 2
91 2
54 1
52 1
40 1
54 1
53 1
54 1
94 2
107 2
54 1
54 1
39 1
52 1
106 2
40 1
52 1
52 1
52 1
145 3
106 2
39 1
94 2
146 3
52 1
107 2
53 1
40 1
55 1
52 1
95 2
52 1
53 1
148 3
105 2
51 1
197 4
53 1
40 1
104 2
208 2
78 1
126 1
84 1
109 2
100 1
78 1
195 2
137 1
612 3
104 1
143 1
178 1
73 1
112 1
76 1
102 1
664 3
146 1
692 2
92 1
98 2
169 3
42 1
172 3
56 1
158 3
56 1
43 1
44 1
54 1
56 1
97 2
57 1
127 2
54 1
54 1
114 2
98 2
54 1
114 2
55 1
99 2
112 2
56 1
42 1
54 1
56 1
207 4
57 1
151 3
54 1
95 2
40 1
57 1
55 1
208 4
56 1
97 2
53 1
58 1
56 1
40 1
112 2
56 1
153 3
56 1
57 1
96 2
112 2
56 1
41 1
55 1
111 2
54 1
94 2
58 1
57 1
41 1
40 1
55 1
55 1
96 2
168 3
56 1
40 1
115 2
56 1
149 3
112 2
39 1
55 1
55 1
56 1
56 1
152 3
97 2
56 1
58 1
55 1
97 2
54 1
58 1
56 1
40 1
38 1
58 1
55 1
57 1
40 1
54 1
55 1
55 1
58 1
96 2
55 1
153 3
112 2
58 1
153 3
206 4
55 1
97 2
111 2
109 2
96 2
58 1
55 1
41 1
41 1
56 1
56 1
56 1
40 1
56 1
166 3
41 1
56 1
58 1
58 1
40 1
54 1
56 1
56 1
54 1
42 1
56 1
55 1
55 1
56 1
39 1
55 1
153 3
54 1
55 1
56 1
56 1
41 1
56 1
151 3
41 1
55 1
57 1
96 2
55 1
56 1
108 2
42 1
57 1
113 2
97 2
111 2
56 1
98 2
55 1
57 1
98 2
57 1
56 1
54 1
40 1
114 2
55 1
57 1
40 1
112 2
132 3
55 1
113 2
39 1
53 1
112 2
56 1
39 1
112 2
96 2
56 1
57 1
53 1
98 2
112 2
110 2
40 1
56 1
56 1
54 1
39 1
56 1
56 1
58 1
56 1
39 1
54 1
54 1
135 3
55 1
55 1
54 1
93 2
55 1
112 2
39 1
53 1
105 2
39 1
52 1
53 1
52 1
52 1
42 1
51 1
105 2
54 1
39 1
53 1
53 1
51 1
38 1
52 1
103 2
52 1
152 3
53 1
79 2
51 1
200 4
106 2
198 4
54 1
40 1
53 1
52 1
53 1
52 1
39 1
158 3
52 1
150 3
55 1
59 1
53 1
53 1
52 1
51 1
40 1
52 1
52 1
54 1
82 2
105 2
95 2
52 1
53 1
51 1
54 1
40 1
53 1
52 1
56 1
39 1
56 1
54 1
57 1
56 1
40 1
56 1
111 2
94 2
58 1
56 1
317 6
41 1
56 1
57 1
55 1
83 2
55 1
54 1
95 2
54 1
57 1
55 1
57 1
42 1
113 2
57 1
152 3
58 1
56 1
40 1
110 2
55 1
56 1
39 1
55 1
57 1
95 2
54 1
112 2
56 1
40 1
110 2
57 1
40 1
42 1
53 1
54 1
55 1
152 3
56 1
56 1
96 2
110 2
42 1
56 1
54 1
112 2
41 1
55 1
57 1
55 1
56 1
39 1
55 1
56 1
96 2
56 1
57 1
57 1
96 2
55 1
57 1
193 4
55 1
56 1
151 3
260 5
98 2
56 1
111 2
57 1
41 1
54 1
110 2
94 2
55 1
53 1
55 1
95 2
161 3
40 1
202 4
41 1
54 1
55 1
94 2
113 2
55 1
151 3
110 2
40 1
56 1
55 1
56 1
55 1
41 1
55 1
56 1
56 1
56 1
96 2
54 1
56 1
95 2
55 1
53 1
55 1
95 2
56 1
56 1
40 1
41 1
59 1
151 3
57 1
167 3
98 2
55 1
96 2
55 1
55 1
112 2
40 1
57 1
112 2
95 2
54 1
55 1
56 1
98 2
55 1
54 1
54 1
94 2
56 1
56 1
81 2
262 5
57 1
56 1
56 1
40 1
109 2
94 2
54 1
112 2
97 2
56 1
57 1
55 1
56 1
40 1
56 1
57 1
56 1
40 1
112 2
112 2
39 1
59 1
120 2
40 1
41 1
59 1
116 2
40 1
58 1
116 2
60 1
156 3
58 1
40 1
58 1
119 2
156 3
58 1
57 1
59 1
40 1
59 1
59 1
59 1
101 2
58 1
57 1
59 1
41 1
59 1
59 1
329 1
84 2
116 2
58 1
41 1
58 1
57 1
116 2
99 2
59 1
98 2
58 1
60 1
59 1
59 1
43 1
59 1
59 1
60 1
58 1
40 1
58 1
58 1
58 1
100 2
117 2
60 1
40 1
117 2
100 2
41 1
59 1
160 3
59 1
119 2
58 1
99 2
60 1
59 1
160 3
158 3
118 2
117 2
40 1
60 1
116 2
40 1
59 1
59 1
157 3
58 1
59 1
59 1
43 1
40 1
59 1
58 1
98 2
58 1
116 2
77 1
157 3
59 1
40 1
58 1
59 1
59 1
57 1
98 2
117 2
58 1
41 1
59 1
58 1
60 1
40 1
59 1
59 1
59 1
60 1
40 1
58 1
59 1
60 1
39 1
214 4
99 2
56 1
59 1
57 1
41 1
59 1
58 1
56 1
216 4
58 1
40 1
59 1
57 1
59 1
59 1
99 2
402 2
356 1
109 1
149 2
196 1
63 1
320 2
168 2
48 1
90 1
62 1
671 1
274 1
221 1
96 1
62 1
187 3
63 1
72 1
133 2
109 1
196 1
58 1
152 3
113 2
41 1
112 2
58 1
46 1
55 1
57 1
153 3
57 1
56 1
58 1
41 1
157 3
56 1
46 1
57 1
57 1
55 1
58 1
44 1
57 1
155 3
56 1
56 1
60 1
56 1
98 2
54 1
55 1
58 1
41 1
167 3
96 2
58 1
57 1
152 3
111 2
41 1
42 1
112 2
54 1
97 2
57 1
58 1
56 1
40 1
55 1
55 1
57 1
41 1
56 1
113 2
56 1
39 1
56 1
54 1
150 3
56 1
56 1
152 3
266 5
56 1
56 1
80 2
112 2
55 1
40 1
55 1
55 1
150 3
113 2
58 1
95 2
56 1
56 1
96 2
54 1
55 1
54 1
55 1
